nqueen,design1,4,0,0,83971,0,63887
nqueen,design1,5,0,0,82518,0,65173
nqueen,design1,6,0,0,112730,0,95280
nqueen,design1,7,0,0,214647,0,198224
nqueen,design1,8,0,0,727765,0,711280
nqueen,design1,9,0,0,3168247,0,3151640
nqueen,design1,10,0,0,13761611,0,13745795
nqueen,design1,11,0,0,75370634,0,75350950
nqueen,design1,12,0,0,293191978,0,293179316
nqueen,design1,13,0,1,435095201,1,435084581
nqueen,design1,14,0,8,644316669,8,644308524
nqueen,design1,15,0,59,756653176,59,756644962
nqueen,design1,4,1,0,54820,0,45866
nqueen,design1,5,1,0,55484,0,47395
nqueen,design1,6,1,0,65274,0,57271
nqueen,design1,7,1,0,118165,0,110045
nqueen,design1,8,1,0,382044,0,373297
nqueen,design1,9,1,0,1585776,0,1577674
nqueen,design1,10,1,0,7612689,0,7604477
nqueen,design1,11,1,0,46105288,0,46094084
nqueen,design1,12,1,0,219482047,0,219473922
nqueen,design1,13,1,1,512204568,1,512185672
nqueen,design1,14,1,8,610252094,8,610244005
nqueen,design1,15,1,59,717147715,59,717128155
nqueen,design1,4,2,0,185308,0,168319
nqueen,design1,5,2,0,166868,0,158751
nqueen,design1,6,2,0,145593,0,137488
nqueen,design1,7,2,0,205955,0,197900
nqueen,design1,8,2,0,368241,0,360197
nqueen,design1,9,2,0,1510746,0,1499537
nqueen,design1,10,2,0,6616722,0,6605568
nqueen,design1,11,2,0,31243387,0,31232605
nqueen,design1,12,2,0,132087959,0,132079951
nqueen,design1,13,2,0,724411029,0,724402948
nqueen,design1,14,2,4,365297814,4,365289672
nqueen,design1,15,2,31,490876163,31,490866051
nqueen,design1,4,3,0,190048,0,179319
nqueen,design1,5,3,0,140427,0,132311
nqueen,design1,6,3,0,173920,0,165726
nqueen,design1,7,3,0,152910,0,144749
nqueen,design1,8,3,0,303095,0,294773
nqueen,design1,9,3,0,760208,0,751961
nqueen,design1,10,3,0,3349354,0,3341082
nqueen,design1,11,3,0,14918214,0,14908612
nqueen,design1,12,3,0,95609427,0,95601090
nqueen,design1,13,3,0,514476665,0,514468326
nqueen,design1,14,3,3,145822644,3,145814439
nqueen,design1,15,3,20,672108841,20,672099455
nqueen,design1,4,4,0,238169,0,228819
nqueen,design1,5,4,0,160632,0,152575
nqueen,design1,6,4,0,194169,0,183732
nqueen,design1,7,4,0,196595,0,186251
nqueen,design1,8,4,0,462001,0,449208
nqueen,design1,9,4,0,1021984,0,1009226
nqueen,design1,10,4,0,3449106,0,3436231
nqueen,design1,11,4,0,16277332,0,16264394
nqueen,design1,12,4,0,75409844,0,75397511
nqueen,design1,13,4,0,398661686,0,398653643
nqueen,design1,14,4,2,441948859,2,441940639
nqueen,design1,15,4,16,176305685,16,176297312
nqueen,design1,4,5,0,178342,0,169397
nqueen,design1,5,5,0,244529,0,236474
nqueen,design1,6,5,0,198033,0,189807
nqueen,design1,7,5,0,182423,0,174239
nqueen,design1,8,5,0,293290,0,285186
nqueen,design1,9,5,0,616504,0,605556
nqueen,design1,10,5,0,2450425,0,2442107
nqueen,design1,11,5,0,11363325,0,11355079
nqueen,design1,12,5,0,58365582,0,58357283
nqueen,design1,13,5,0,330043975,0,330035912
nqueen,design1,14,5,1,975608776,1,975600555
nqueen,design1,15,5,13,249286518,13,249278349
nqueen,design1,4,6,0,290007,0,278663
nqueen,design1,5,6,0,283727,0,275633
nqueen,design1,6,6,0,193627,0,180811
nqueen,design1,7,6,0,232531,0,224393
nqueen,design1,8,6,0,362677,0,351668
nqueen,design1,9,6,0,620108,0,608682
nqueen,design1,10,6,0,1973750,0,1963406
nqueen,design1,11,6,0,8625118,0,8615478
nqueen,design1,12,6,0,43164212,0,43154490
nqueen,design1,13,6,0,305142057,0,305133884
nqueen,design1,14,6,1,872116160,1,872107991
nqueen,design1,15,6,12,518958740,12,518950046
nqueen,design1,4,7,0,236955,0,226744
nqueen,design1,5,7,0,1024276,0,1013753
nqueen,design1,6,7,0,286832,0,272849
nqueen,design1,7,7,0,347244,0,333840
nqueen,design1,8,7,0,357626,0,344220
nqueen,design1,9,7,0,676922,0,664079
nqueen,design1,10,7,0,1977278,0,1965760
nqueen,design1,11,7,0,8784953,0,8774078
nqueen,design1,12,7,0,47536227,0,47525712
nqueen,design1,13,7,0,245942385,0,245931857
nqueen,design1,14,7,1,489410992,1,489402902
nqueen,design1,15,7,12,62918676,12,62910529
nqueen,design1,4,8,0,269713,0,258701
nqueen,design1,5,8,0,272200,0,263961
nqueen,design1,6,8,0,286367,0,278182
nqueen,design1,7,8,0,389826,0,371429
nqueen,design1,8,8,0,521604,0,504830
nqueen,design1,9,8,0,888010,0,867666
nqueen,design1,10,8,0,2369960,0,2351001
nqueen,design1,11,8,0,9310822,0,9293113
nqueen,design1,12,8,0,48045229,0,48028449
nqueen,design1,13,8,0,267695255,0,267682992
nqueen,design1,14,8,1,439528290,1,439517698
nqueen,design1,15,8,9,208600151,9,208591964
nqueen,design1,4,9,0,280700,0,271855
nqueen,design1,5,9,0,273569,0,265283
nqueen,design1,6,9,0,276066,0,267442
nqueen,design1,7,9,0,290024,0,281489
nqueen,design1,8,9,0,355501,0,346951
nqueen,design1,9,9,0,657908,0,649846
nqueen,design1,10,9,0,1867209,0,1858621
nqueen,design1,11,9,0,8011516,0,8003413
nqueen,design1,12,9,0,40689788,0,40681592
nqueen,design1,13,9,0,232353636,0,232345489
nqueen,design1,14,9,1,371531481,1,371523269
nqueen,design1,15,9,9,162849029,9,162840949
nqueen,design1,4,10,0,993408,0,984743
nqueen,design1,5,10,0,297958,0,289764
nqueen,design1,6,10,0,257015,0,248966
nqueen,design1,7,10,0,310205,0,302128
nqueen,design1,8,10,0,442381,0,430558
nqueen,design1,9,10,0,719780,0,709293
nqueen,design1,10,10,0,1980934,0,1970373
nqueen,design1,11,10,0,7850539,0,7841789
nqueen,design1,12,10,0,38907855,0,38899686
nqueen,design1,13,10,0,221238839,0,221230572
nqueen,design1,14,10,1,358267456,1,358259261
nqueen,design1,15,10,9,22966631,9,22958476
nqueen,design1,4,11,0,291721,0,281886
nqueen,design1,5,11,0,315988,0,307875
nqueen,design1,6,11,0,362493,0,354350
nqueen,design1,7,11,0,356293,0,348071
nqueen,design1,8,11,0,374997,0,366833
nqueen,design1,9,11,0,596991,0,588878
nqueen,design1,10,11,0,1398032,0,1389395
nqueen,design1,11,11,0,6089501,0,6080877
nqueen,design1,12,11,0,37121390,0,37112765
nqueen,design1,13,11,0,211238192,0,211230038
nqueen,design1,14,11,1,294804506,1,294796292
nqueen,design1,15,11,8,682451143,8,682443049
nqueen,design1,4,12,0,337319,0,328578
nqueen,design1,5,12,0,314047,0,305923
nqueen,design1,6,12,0,323514,0,315357
nqueen,design1,7,12,0,387881,0,379734
nqueen,design1,8,12,0,432998,0,424903
nqueen,design1,9,12,0,710094,0,701930
nqueen,design1,10,12,0,2158046,0,2149447
nqueen,design1,11,12,0,7760256,0,7751502
nqueen,design1,12,12,0,33774263,0,33765637
nqueen,design1,13,12,0,199883594,0,199875383
nqueen,design1,14,12,1,225825014,1,225816782
nqueen,design1,15,12,8,267033659,8,267021205
nqueen,design1,4,13,0,306423,0,297467
nqueen,design1,5,13,0,344262,0,335993
nqueen,design1,6,13,0,381464,0,373179
nqueen,design1,7,13,0,419720,0,411489
nqueen,design1,8,13,0,492277,0,484063
nqueen,design1,9,13,0,867678,0,859417
nqueen,design1,10,13,0,2469339,0,2461237
nqueen,design1,11,13,0,9379371,0,9371279
nqueen,design1,12,13,0,39244947,0,39236821
nqueen,design1,13,13,0,161081519,0,161073198
nqueen,design1,14,13,1,199012427,1,198998340
nqueen,design1,15,13,7,928163922,7,928146838
nqueen,design1,4,14,0,375291,0,366558
nqueen,design1,5,14,0,1056706,0,1038270
nqueen,design1,6,14,0,346369,0,338047
nqueen,design1,7,14,0,407773,0,399473
nqueen,design1,8,14,0,440322,0,432155
nqueen,design1,9,14,0,777308,0,767785
nqueen,design1,10,14,0,1850879,0,1842204
nqueen,design1,11,14,0,6381929,0,6373677
nqueen,design1,12,14,0,33160129,0,33152088
nqueen,design1,13,14,0,157954560,0,157946391
nqueen,design1,14,14,0,873583263,0,873575166
nqueen,design1,15,14,7,557024650,7,557016439
nqueen,design1,4,15,0,390267,0,381585
nqueen,design1,5,15,0,406525,0,398335
nqueen,design1,6,15,0,327691,0,319537
nqueen,design1,7,15,0,395883,0,387750
nqueen,design1,8,15,0,597003,0,588699
nqueen,design1,9,15,0,734498,0,726344
nqueen,design1,10,15,0,1742927,0,1734356
nqueen,design1,11,15,0,6960521,0,6951892
nqueen,design1,12,15,0,31633993,0,31625702
nqueen,design1,13,15,0,156707750,0,156699507
nqueen,design1,14,15,0,867571421,0,867563367
nqueen,design1,15,15,5,698624852,5,698616808
nqueen,design1,4,16,0,358301,0,350188
nqueen,design1,5,16,0,370197,0,362058
nqueen,design1,6,16,0,1914537,0,1906395
nqueen,design1,7,16,0,440793,0,432184
nqueen,design1,8,16,0,411559,0,401772
nqueen,design1,9,16,0,722477,0,713685
nqueen,design1,10,16,0,1544526,0,1533583
nqueen,design1,11,16,0,6259860,0,6249391
nqueen,design1,12,16,0,27826557,0,27818359
nqueen,design1,13,16,0,148161484,0,148153333
nqueen,design1,14,16,0,875998631,0,875990278
nqueen,design1,15,16,5,659959852,5,659951795
nqueen,design1,4,0,0,36423,0,27736
nqueen,design1,5,0,0,38433,0,30387
nqueen,design1,6,0,0,55186,0,46966
nqueen,design1,7,0,0,108005,0,99847
nqueen,design1,8,0,0,391585,0,383406
nqueen,design1,9,0,0,1578278,0,1570080
nqueen,design1,10,0,0,7533144,0,7525012
nqueen,design1,11,0,0,39048256,0,39040034
nqueen,design1,12,0,0,220641217,0,220633025
nqueen,design1,13,0,1,372484626,1,372467914
nqueen,design1,14,0,8,634090720,8,634082577
nqueen,design1,15,0,59,778479762,59,778458635
nqueen,design1,4,1,0,53804,0,44607
nqueen,design1,5,1,0,50175,0,42132
nqueen,design1,6,1,0,63302,0,55218
nqueen,design1,7,1,0,122182,0,113941
nqueen,design1,8,1,0,395215,0,386927
nqueen,design1,9,1,0,3378430,0,3360803
nqueen,design1,10,1,0,18466345,0,18436997
nqueen,design1,11,1,0,72375470,0,72357546
nqueen,design1,12,1,0,289885973,0,289873745
nqueen,design1,13,1,1,405676283,1,405665499
nqueen,design1,14,1,8,582652430,8,582644341
nqueen,design1,15,1,59,554770474,59,554749370
nqueen,design1,4,2,0,144856,0,135796
nqueen,design1,5,2,0,190346,0,178546
nqueen,design1,6,2,0,198714,0,186417
nqueen,design1,7,2,0,271332,0,257664
nqueen,design1,8,2,0,536100,0,522600
nqueen,design1,9,2,0,1895839,0,1881585
nqueen,design1,10,2,0,8028892,0,8008875
nqueen,design1,11,2,0,34697600,0,34680781
nqueen,design1,12,2,0,136830209,0,136816360
nqueen,design1,13,2,0,734489155,0,734478689
nqueen,design1,14,2,4,359165214,4,359157128
nqueen,design1,15,2,31,401727746,31,401718967
nqueen,design1,4,3,0,159755,0,150850
nqueen,design1,5,3,0,158743,0,150666
nqueen,design1,6,3,0,173137,0,164994
nqueen,design1,7,3,0,188441,0,180298
nqueen,design1,8,3,0,306592,0,298283
nqueen,design1,9,3,0,1089384,0,1081293
nqueen,design1,10,3,0,3926649,0,3918473
nqueen,design1,11,3,0,18252873,0,18244512
nqueen,design1,12,3,0,91890720,0,91882544
nqueen,design1,13,3,0,544167962,0,544157177
nqueen,design1,14,3,3,82203344,3,82195100
nqueen,design1,15,3,20,678501207,20,678493089
nqueen,design1,4,4,0,225184,0,213341
nqueen,design1,5,4,0,219763,0,208511
nqueen,design1,6,4,0,241447,0,229971
nqueen,design1,7,4,0,273947,0,262687
nqueen,design1,8,4,0,403075,0,389386
nqueen,design1,9,4,0,1206530,0,1188344
nqueen,design1,10,4,0,4008893,0,3990746
nqueen,design1,11,4,0,20721604,0,20704758
nqueen,design1,12,4,0,90250834,0,90235824
nqueen,design1,13,4,0,417952125,0,417943993
nqueen,design1,14,4,2,470106108,2,470097989
nqueen,design1,15,4,16,67541207,16,67532978
nqueen,design1,4,5,0,257549,0,247668
nqueen,design1,5,5,0,240803,0,232623
nqueen,design1,6,5,0,184826,0,176736
nqueen,design1,7,5,0,264906,0,256737
nqueen,design1,8,5,0,301874,0,293702
nqueen,design1,9,5,0,588504,0,580426
nqueen,design1,10,5,0,2470544,0,2462338
nqueen,design1,11,5,0,11746891,0,11738662
nqueen,design1,12,5,0,58161022,0,58148520
nqueen,design1,13,5,0,330121072,0,330110526
nqueen,design1,14,5,1,957931765,1,957921341
nqueen,design1,15,5,12,805518318,12,805506082
nqueen,design1,4,6,0,256399,0,247655
nqueen,design1,5,6,0,205921,0,197873
nqueen,design1,6,6,0,249757,0,240354
nqueen,design1,7,6,0,254190,0,236502
nqueen,design1,8,6,0,380194,0,367945
nqueen,design1,9,6,0,663945,0,649540
nqueen,design1,10,6,0,2001934,0,1987552
nqueen,design1,11,6,0,9950181,0,9936087
nqueen,design1,12,6,0,52437563,0,52423304
nqueen,design1,13,6,0,308534989,0,308524547
nqueen,design1,14,6,1,871335353,1,871327258
nqueen,design1,15,6,12,295906355,12,295898160
nqueen,design1,4,7,0,232274,0,224178
nqueen,design1,5,7,0,231451,0,220588
nqueen,design1,6,7,0,275495,0,262440
nqueen,design1,7,7,0,357438,0,344701
nqueen,design1,8,7,0,330453,0,318013
nqueen,design1,9,7,0,717041,0,704748
nqueen,design1,10,7,0,2260070,0,2246406
nqueen,design1,11,7,0,10753024,0,10739385
nqueen,design1,12,7,0,55140208,0,55126156
nqueen,design1,13,7,0,265293872,0,265282886
nqueen,design1,14,7,1,445344517,1,445334039
nqueen,design1,15,7,11,505652001,11,505643957
nqueen,design1,4,8,0,238593,0,229992
nqueen,design1,5,8,0,289715,0,281585
nqueen,design1,6,8,0,279530,0,271348
nqueen,design1,7,8,0,300363,0,292100
nqueen,design1,8,8,0,450875,0,442726
nqueen,design1,9,8,0,672355,0,663090
nqueen,design1,10,8,0,1990420,0,1982440
nqueen,design1,11,8,0,8411866,0,8403663
nqueen,design1,12,8,0,44177701,0,44169608
nqueen,design1,13,8,0,239954607,0,239946279
nqueen,design1,14,8,1,400391756,1,400383640
nqueen,design1,15,8,9,377821163,9,377812930
nqueen,design1,4,9,0,272681,0,264092
nqueen,design1,5,9,0,270199,0,261907
nqueen,design1,6,9,0,291857,0,283756
nqueen,design1,7,9,0,331995,0,323853
nqueen,design1,8,9,0,457626,0,449299
nqueen,design1,9,9,0,634892,0,626698
nqueen,design1,10,9,0,1877418,0,1869250
nqueen,design1,11,9,0,8400581,0,8392354
nqueen,design1,12,9,0,41644396,0,41636184
nqueen,design1,13,9,0,233580517,0,233572350
nqueen,design1,14,9,1,372752649,1,372744376
nqueen,design1,15,9,8,948502810,8,948483515
nqueen,design1,4,10,0,302046,0,292918
nqueen,design1,5,10,0,316089,0,308022
nqueen,design1,6,10,0,333892,0,325704
nqueen,design1,7,10,0,378709,0,370675
nqueen,design1,8,10,0,425244,0,417127
nqueen,design1,9,10,0,786649,0,778502
nqueen,design1,10,10,0,2092852,0,2084703
nqueen,design1,11,10,0,9263949,0,9255824
nqueen,design1,12,10,0,39298705,0,39290519
nqueen,design1,13,10,0,227097063,0,227088383
nqueen,design1,14,10,1,352074369,1,352066186
nqueen,design1,15,10,9,2086183,9,2078013
nqueen,design1,4,11,0,317771,0,306355
nqueen,design1,5,11,0,340957,0,330074
nqueen,design1,6,11,0,437127,0,425856
nqueen,design1,7,11,0,412888,0,395946
nqueen,design1,8,11,0,736836,0,728569
nqueen,design1,9,11,0,707362,0,691768
nqueen,design1,10,11,0,1931778,0,1916882
nqueen,design1,11,11,0,7602487,0,7587690
nqueen,design1,12,11,0,37722991,0,37708836
nqueen,design1,13,11,0,206129432,0,206117657
nqueen,design1,14,11,1,297918231,1,297903250
nqueen,design1,15,11,8,740862307,8,740851937
nqueen,design1,4,12,0,471951,0,451021
nqueen,design1,5,12,0,1042538,0,1023764
nqueen,design1,6,12,0,445445,0,427716
nqueen,design1,7,12,0,484613,0,467826
nqueen,design1,8,12,0,540217,0,524624
nqueen,design1,9,12,0,1053749,0,1037943
nqueen,design1,10,12,0,2493287,0,2473619
nqueen,design1,11,12,0,8619713,0,8601940
nqueen,design1,12,12,0,40136793,0,40120165
nqueen,design1,13,12,0,200909646,0,200896771
nqueen,design1,14,12,1,229290949,1,229280384
nqueen,design1,15,12,8,244956896,8,244948524
nqueen,design1,4,13,0,394511,0,377800
nqueen,design1,5,13,0,403972,0,388111
nqueen,design1,6,13,0,476843,0,461061
nqueen,design1,7,13,0,452975,0,437214
nqueen,design1,8,13,0,564852,0,549179
nqueen,design1,9,13,0,894401,0,878663
nqueen,design1,10,13,0,2388251,0,2373355
nqueen,design1,11,13,0,8261287,0,8247045
nqueen,design1,12,13,0,38012057,0,37998448
nqueen,design1,13,13,0,158121882,0,158110387
nqueen,design1,14,13,1,199539164,1,199528623
nqueen,design1,15,13,7,867318402,7,867310232
nqueen,design1,4,14,0,395385,0,384977
nqueen,design1,5,14,0,406528,0,398363
nqueen,design1,6,14,0,1092245,0,1083086
nqueen,design1,7,14,0,405313,0,397225
nqueen,design1,8,14,0,417703,0,409468
nqueen,design1,9,14,0,645611,0,636333
nqueen,design1,10,14,0,1982921,0,1974763
nqueen,design1,11,14,0,8284470,0,8276379
nqueen,design1,12,14,0,36194951,0,36186754
nqueen,design1,13,14,0,160246104,0,160238042
nqueen,design1,14,14,0,875658315,0,875650153
nqueen,design1,15,14,7,438211959,7,438203875
nqueen,design1,4,15,0,347213,0,338633
nqueen,design1,5,15,0,385433,0,377336
nqueen,design1,6,15,0,387138,0,378871
nqueen,design1,7,15,0,444085,0,435940
nqueen,design1,8,15,0,485992,0,477874
nqueen,design1,9,15,0,644505,0,636223
nqueen,design1,10,15,0,1712414,0,1704278
nqueen,design1,11,15,0,6447543,0,6439303
nqueen,design1,12,15,0,30624148,0,30615942
nqueen,design1,13,15,0,168794168,0,168785982
nqueen,design1,14,15,0,877980083,0,877971249
nqueen,design1,15,15,5,681095001,5,681086409
nqueen,design1,4,16,0,370715,0,362644
nqueen,design1,5,16,0,384598,0,376475
nqueen,design1,6,16,0,401375,0,393170
nqueen,design1,7,16,0,425435,0,417261
nqueen,design1,8,16,0,436149,0,427983
nqueen,design1,9,16,0,6441222,0,6433046
nqueen,design1,10,16,0,1691047,0,1683017
nqueen,design1,11,16,0,5930444,0,5921733
nqueen,design1,12,16,0,32913227,0,32905060
nqueen,design1,13,16,0,151711497,0,151703349
nqueen,design1,14,16,0,880830184,0,880822043
nqueen,design1,15,16,5,681092127,5,681083972
nqueen,design1,4,0,0,37807,0,28681
nqueen,design1,5,0,0,46494,0,36859
nqueen,design1,6,0,0,52526,0,44473
nqueen,design1,7,0,0,108099,0,99983
nqueen,design1,8,0,0,362687,0,354558
nqueen,design1,9,0,0,1622560,0,1614520
nqueen,design1,10,0,0,7653240,0,7644591
nqueen,design1,11,0,0,39218780,0,39210782
nqueen,design1,12,0,0,221266880,0,221258773
nqueen,design1,13,0,1,334890311,1,334880841
nqueen,design1,14,0,8,638158533,8,638150537
nqueen,design1,15,0,59,583093732,59,583085351
nqueen,design1,4,1,0,56377,0,46678
nqueen,design1,5,1,0,110826,0,92187
nqueen,design1,6,1,0,147960,0,129112
nqueen,design1,7,1,0,289880,0,270783
nqueen,design1,8,1,0,905161,0,886055
nqueen,design1,9,1,0,3610288,0,3592438
nqueen,design1,10,1,0,15384948,0,15368250
nqueen,design1,11,1,0,62951380,0,62936233
nqueen,design1,12,1,0,287216788,0,287205609
nqueen,design1,13,1,1,412247855,1,412237262
nqueen,design1,14,1,8,582049639,8,582041517
nqueen,design1,15,1,59,898186405,59,898165470
nqueen,design1,4,2,0,224121,0,205391
nqueen,design1,5,2,0,238480,0,220784
nqueen,design1,6,2,0,198812,0,182200
nqueen,design1,7,2,0,322895,0,302508
nqueen,design1,8,2,0,667914,0,648800
nqueen,design1,9,2,0,2239274,0,2221374
nqueen,design1,10,2,0,8703944,0,8686961
nqueen,design1,11,2,0,39526773,0,39510865
nqueen,design1,12,2,0,153720878,0,153707810
nqueen,design1,13,2,0,826719115,0,826708349
nqueen,design1,14,2,4,370784373,4,370776264
nqueen,design1,15,2,31,509704034,31,509695333
nqueen,design1,4,3,0,268197,0,248286
nqueen,design1,5,3,0,216136,0,199363
nqueen,design1,6,3,0,216833,0,200003
nqueen,design1,7,3,0,261873,0,246106
nqueen,design1,8,3,0,480125,0,461032
nqueen,design1,9,3,0,1404665,0,1386671
nqueen,design1,10,3,0,5283714,0,5266856
nqueen,design1,11,3,0,23811123,0,23794864
nqueen,design1,12,3,0,103476646,0,103462797
nqueen,design1,13,3,0,533664757,0,533654163
nqueen,design1,14,3,3,90663598,3,90648099
nqueen,design1,15,3,20,251892928,20,251884825
nqueen,design1,4,4,0,158571,0,149948
nqueen,design1,5,4,0,209769,0,201716
nqueen,design1,6,4,0,152998,0,144840
nqueen,design1,7,4,0,609273,0,601034
nqueen,design1,8,4,0,253798,0,245650
nqueen,design1,9,4,0,774871,0,766735
nqueen,design1,10,4,0,2906014,0,2897710
nqueen,design1,11,4,0,14165014,0,14156740
nqueen,design1,12,4,0,72032409,0,72024152
nqueen,design1,13,4,0,397018757,0,397010658
nqueen,design1,14,4,2,439147856,2,439139729
nqueen,design1,15,4,16,57873790,16,57865313
nqueen,design1,4,5,0,199372,0,190042
nqueen,design1,5,5,0,219694,0,210636
nqueen,design1,6,5,0,243705,0,235482
nqueen,design1,7,5,0,196719,0,188513
nqueen,design1,8,5,0,311629,0,302818
nqueen,design1,9,5,0,641358,0,630836
nqueen,design1,10,5,0,2213814,0,2202891
nqueen,design1,11,5,0,11227450,0,11216505
nqueen,design1,12,5,0,56804499,0,56796389
nqueen,design1,13,5,0,323964367,0,323956200
nqueen,design1,14,5,1,958627923,1,958619751
nqueen,design1,15,5,12,886441104,12,886433015
nqueen,design1,4,6,0,212550,0,204315
nqueen,design1,5,6,0,260857,0,252682
nqueen,design1,6,6,0,226465,0,207733
nqueen,design1,7,6,0,202378,0,194305
nqueen,design1,8,6,0,253016,0,244414
nqueen,design1,9,6,0,579120,0,570967
nqueen,design1,10,6,0,1932797,0,1924563
nqueen,design1,11,6,0,8614750,0,8606571
nqueen,design1,12,6,0,43491500,0,43483234
nqueen,design1,13,6,0,305249750,0,305241710
nqueen,design1,14,6,1,919749501,1,919741436
nqueen,design1,15,6,12,301042334,12,301034234
nqueen,design1,4,7,0,454200,0,446004
nqueen,design1,5,7,0,234899,0,223919
nqueen,design1,6,7,0,326218,0,315291
nqueen,design1,7,7,0,267910,0,257078
nqueen,design1,8,7,0,361840,0,351017
nqueen,design1,9,7,0,711748,0,700825
nqueen,design1,10,7,0,1999438,0,1988785
nqueen,design1,11,7,0,9437713,0,9428814
nqueen,design1,12,7,0,46662992,0,46654586
nqueen,design1,13,7,0,237361376,0,237353236
nqueen,design1,14,7,1,426068281,1,426060098
nqueen,design1,15,7,11,703056041,11,703047833
nqueen,design1,4,8,0,319297,0,299686
nqueen,design1,5,8,0,423796,0,406063
nqueen,design1,6,8,0,392614,0,376951
nqueen,design1,7,8,0,410052,0,394281
nqueen,design1,8,8,0,470334,0,454580
nqueen,design1,9,8,0,811892,0,796017
nqueen,design1,10,8,0,2680988,0,2664952
nqueen,design1,11,8,0,10762668,0,10747400
nqueen,design1,12,8,0,49308096,0,49293452
nqueen,design1,13,8,0,264566262,0,264550851
nqueen,design1,14,8,1,409337483,1,409327134
nqueen,design1,15,8,9,197156250,9,197148067
nqueen,design1,4,9,0,259662,0,250999
nqueen,design1,5,9,0,315207,0,307106
nqueen,design1,6,9,0,303681,0,295597
nqueen,design1,7,9,0,318251,0,309075
nqueen,design1,8,9,0,358530,0,350418
nqueen,design1,9,9,0,665299,0,657156
nqueen,design1,10,9,0,1838747,0,1830610
nqueen,design1,11,9,0,8118284,0,8110089
nqueen,design1,12,9,0,42586275,0,42578155
nqueen,design1,13,9,0,231206379,0,231198259
nqueen,design1,14,9,1,425434498,1,425426377
nqueen,design1,15,9,9,5659041,9,5650904
nqueen,design1,4,10,0,270607,0,261899
nqueen,design1,5,10,0,284575,0,276482
nqueen,design1,6,10,0,307907,0,299755
nqueen,design1,7,10,0,298899,0,290380
nqueen,design1,8,10,0,480347,0,472199
nqueen,design1,9,10,0,628321,0,620260
nqueen,design1,10,10,0,1680503,0,1672377
nqueen,design1,11,10,0,7701636,0,7692694
nqueen,design1,12,10,0,38539998,0,38531844
nqueen,design1,13,10,0,221459452,0,221450783
nqueen,design1,14,10,1,323287260,1,323279036
nqueen,design1,15,10,8,724492854,8,724484598
nqueen,design1,4,11,0,283951,0,275622
nqueen,design1,5,11,0,372857,0,363112
nqueen,design1,6,11,0,291806,0,283260
nqueen,design1,7,11,0,317788,0,309679
nqueen,design1,8,11,0,499183,0,489769
nqueen,design1,9,11,0,676041,0,667754
nqueen,design1,10,11,0,1869297,0,1855265
nqueen,design1,11,11,0,6942678,0,6929900
nqueen,design1,12,11,0,39497708,0,39484934
nqueen,design1,13,11,0,212523146,0,212512462
nqueen,design1,14,11,1,295800613,1,295790193
nqueen,design1,15,11,8,738083471,8,738075373
nqueen,design1,4,12,0,327395,0,319327
nqueen,design1,5,12,0,350269,0,342162
nqueen,design1,6,12,0,314035,0,306041
nqueen,design1,7,12,0,357589,0,349468
nqueen,design1,8,12,0,436729,0,428073
nqueen,design1,9,12,0,784341,0,775715
nqueen,design1,10,12,0,2179052,0,2170210
nqueen,design1,11,12,0,8505981,0,8497116
nqueen,design1,12,12,0,36822010,0,36813097
nqueen,design1,13,12,0,200460241,0,200452199
nqueen,design1,14,12,1,242426952,1,242418652
nqueen,design1,15,12,8,248340204,8,248331954
nqueen,design1,4,13,0,371337,0,360606
nqueen,design1,5,13,0,336870,0,328664
nqueen,design1,6,13,0,311255,0,302507
nqueen,design1,7,13,0,356783,0,348610
nqueen,design1,8,13,0,471673,0,463528
nqueen,design1,9,13,0,823925,0,815846
nqueen,design1,10,13,0,2085658,0,2077432
nqueen,design1,11,13,0,8436533,0,8428373
nqueen,design1,12,13,0,38040435,0,38032289
nqueen,design1,13,13,0,163367535,0,163359364
nqueen,design1,14,13,1,186309660,1,186300524
nqueen,design1,15,13,7,866095184,7,866087024
nqueen,design1,4,14,0,381825,0,370354
nqueen,design1,5,14,0,469963,0,452224
nqueen,design1,6,14,0,487233,0,470334
nqueen,design1,7,14,0,566588,0,549811
nqueen,design1,8,14,0,570874,0,554758
nqueen,design1,9,14,0,850568,0,835544
nqueen,design1,10,14,0,2247216,0,2232218
nqueen,design1,11,14,0,8688990,0,8672186
nqueen,design1,12,14,0,38780224,0,38764401
nqueen,design1,13,14,0,160857030,0,160844618
nqueen,design1,14,14,0,883600576,0,883590201
nqueen,design1,15,14,7,468472311,7,468464136
nqueen,design1,4,15,0,368196,0,359630
nqueen,design1,5,15,0,462472,0,448859
nqueen,design1,6,15,0,463623,0,447075
nqueen,design1,7,15,0,469718,0,453954
nqueen,design1,8,15,0,607979,0,591979
nqueen,design1,9,15,0,1023455,0,1008786
nqueen,design1,10,15,0,2415706,0,2400646
nqueen,design1,11,15,0,8386811,0,8373234
nqueen,design1,12,15,0,39362890,0,39350033
nqueen,design1,13,15,0,156275453,0,156264479
nqueen,design1,14,15,0,904832153,0,904821683
nqueen,design1,15,15,5,671618847,5,671610673
nqueen,design1,4,16,0,393045,0,384179
nqueen,design1,5,16,0,409226,0,401104
nqueen,design1,6,16,0,425790,0,417654
nqueen,design1,7,16,0,3387998,0,3377142
nqueen,design1,8,16,0,521173,0,510199
nqueen,design1,9,16,0,699338,0,688490
nqueen,design1,10,16,0,2041960,0,2031042
nqueen,design1,11,16,0,7238481,0,7227953
nqueen,design1,12,16,0,32893536,0,32882787
nqueen,design1,13,16,0,157545839,0,157537198
nqueen,design1,14,16,0,872169315,0,872161258
nqueen,design1,15,16,5,702273411,5,702262184
nqueen,design1,4,0,0,74742,0,66639
nqueen,design1,5,0,0,38552,0,30493
nqueen,design1,6,0,0,51569,0,43478
nqueen,design1,7,0,0,108460,0,100422
nqueen,design1,8,0,0,362752,0,354657
nqueen,design1,9,0,0,1579214,0,1571154
nqueen,design1,10,0,0,7631148,0,7622141
nqueen,design1,11,0,0,39323676,0,39315496
nqueen,design1,12,0,0,220890729,0,220882151
nqueen,design1,13,0,1,332436512,1,332428476
nqueen,design1,14,0,8,635941802,8,635933566
nqueen,design1,15,0,59,594944508,59,594936423
nqueen,design1,4,1,0,54031,0,44891
nqueen,design1,5,1,0,51414,0,43287
nqueen,design1,6,1,0,96697,0,81796
nqueen,design1,7,1,0,119364,0,111114
nqueen,design1,8,1,0,387436,0,378801
nqueen,design1,9,1,0,2455797,0,2442146
nqueen,design1,10,1,0,10933619,0,10921767
nqueen,design1,11,1,0,46498703,0,46487341
nqueen,design1,12,1,0,219759706,0,219751369
nqueen,design1,13,1,1,325879174,1,325871156
nqueen,design1,14,1,8,763481731,8,763462132
nqueen,design1,15,1,59,707349968,59,707332802
nqueen,design1,4,2,0,148024,0,139076
nqueen,design1,5,2,0,167314,0,158506
nqueen,design1,6,2,0,197128,0,188770
nqueen,design1,7,2,0,199470,0,191238
nqueen,design1,8,2,0,400598,0,392294
nqueen,design1,9,2,0,1462263,0,1453885
nqueen,design1,10,2,0,3886142,0,3877754
nqueen,design1,11,2,0,29003971,0,28993314
nqueen,design1,12,2,0,148331665,0,148323345
nqueen,design1,13,2,0,746874362,0,746866233
nqueen,design1,14,2,4,374365467,4,374356944
nqueen,design1,15,2,31,560973610,31,560962181
nqueen,design1,4,3,0,168057,0,159542
nqueen,design1,5,3,0,136454,0,128276
nqueen,design1,6,3,0,172641,0,164533
nqueen,design1,7,3,0,189788,0,181699
nqueen,design1,8,3,0,376851,0,364484
nqueen,design1,9,3,0,1312786,0,1297036
nqueen,design1,10,3,0,5983487,0,5964402
nqueen,design1,11,3,0,28746107,0,28728178
nqueen,design1,12,3,0,112066397,0,112051117
nqueen,design1,13,3,0,618842092,0,618831335
nqueen,design1,14,3,3,85387358,3,85376968
nqueen,design1,15,3,20,362027301,20,362010946
nqueen,design1,4,4,0,166634,0,157695
nqueen,design1,5,4,0,151563,0,143509
nqueen,design1,6,4,0,176610,0,168447
nqueen,design1,7,4,0,227390,0,218199
nqueen,design1,8,4,0,359113,0,350875
nqueen,design1,9,4,0,921882,0,908585
nqueen,design1,10,4,0,3541018,0,3527601
nqueen,design1,11,4,0,18092031,0,18072959
nqueen,design1,12,4,0,85346465,0,85330322
nqueen,design1,13,4,0,402374812,0,402364029
nqueen,design1,14,4,2,435674999,2,435666893
nqueen,design1,15,4,16,73829016,16,73820914
nqueen,design1,4,5,0,207516,0,198816
nqueen,design1,5,5,0,163294,0,155054
nqueen,design1,6,5,0,241356,0,233195
nqueen,design1,7,5,0,254667,0,246532
nqueen,design1,8,5,0,316756,0,308654
nqueen,design1,9,5,0,695877,0,687782
nqueen,design1,10,5,0,2581891,0,2569567
nqueen,design1,11,5,0,11993404,0,11981034
nqueen,design1,12,5,0,61069214,0,61057331
nqueen,design1,13,5,0,325417368,0,325409286
nqueen,design1,14,5,1,988354920,1,988345781
nqueen,design1,15,5,12,898215021,12,898206912
nqueen,design1,4,6,0,239839,0,231405
nqueen,design1,5,6,0,203684,0,195390
nqueen,design1,6,6,0,212520,0,204249
nqueen,design1,7,6,0,218210,0,210009
nqueen,design1,8,6,0,395495,0,387249
nqueen,design1,9,6,0,638877,0,630535
nqueen,design1,10,6,0,2072561,0,2064020
nqueen,design1,11,6,0,8640175,0,8631785
nqueen,design1,12,6,0,61831141,0,61814505
nqueen,design1,13,6,0,305805966,0,305794053
nqueen,design1,14,6,1,871463339,1,871452818
nqueen,design1,15,6,12,309655824,12,309647726
nqueen,design1,4,7,0,216185,0,205037
nqueen,design1,5,7,0,243914,0,233091
nqueen,design1,6,7,0,314048,0,303237
nqueen,design1,7,7,0,332945,0,322151
nqueen,design1,8,7,0,352867,0,342046
nqueen,design1,9,7,0,715843,0,705016
nqueen,design1,10,7,0,2028168,0,2017294
nqueen,design1,11,7,0,9538301,0,9527220
nqueen,design1,12,7,0,44450207,0,44439269
nqueen,design1,13,7,0,261918129,0,261906780
nqueen,design1,14,7,1,444594054,1,444583016
nqueen,design1,15,7,11,785099365,11,785091257
nqueen,design1,4,8,0,276114,0,263584
nqueen,design1,5,8,0,309749,0,297512
nqueen,design1,6,8,0,292690,0,280918
nqueen,design1,7,8,0,431097,0,419194
nqueen,design1,8,8,0,400789,0,387422
nqueen,design1,9,8,0,692183,0,678745
nqueen,design1,10,8,0,1969498,0,1956034
nqueen,design1,11,8,0,8470731,0,8458054
nqueen,design1,12,8,0,42607932,0,42599792
nqueen,design1,13,8,0,241654963,0,241641991
nqueen,design1,14,8,1,414582501,1,414572197
nqueen,design1,15,8,9,193672029,9,193663768
nqueen,design1,4,9,0,206190,0,198139
nqueen,design1,5,9,0,247342,0,239163
nqueen,design1,6,9,0,315399,0,307269
nqueen,design1,7,9,0,308564,0,300433
nqueen,design1,8,9,0,341386,0,332857
nqueen,design1,9,9,0,609580,0,601437
nqueen,design1,10,9,0,1813030,0,1804809
nqueen,design1,11,9,0,8076731,0,8068602
nqueen,design1,12,9,0,41184880,0,41176554
nqueen,design1,13,9,0,234327616,0,234319581
nqueen,design1,14,9,1,373217790,1,373209506
nqueen,design1,15,9,9,179490159,9,179482049
nqueen,design1,4,10,0,299436,0,290458
nqueen,design1,5,10,0,339226,0,331101
nqueen,design1,6,10,0,296163,0,288067
nqueen,design1,7,10,0,339730,0,331666
nqueen,design1,8,10,0,378966,0,370881
nqueen,design1,9,10,0,600495,0,592337
nqueen,design1,10,10,0,1556863,0,1548688
nqueen,design1,11,10,0,7587677,0,7579561
nqueen,design1,12,10,0,38598518,0,38590392
nqueen,design1,13,10,0,221825681,0,221817578
nqueen,design1,14,10,1,350578242,1,350570133
nqueen,design1,15,10,8,985331243,8,985323021
nqueen,design1,4,11,0,312927,0,304152
nqueen,design1,5,11,0,292774,0,284553
nqueen,design1,6,11,0,330945,0,322759
nqueen,design1,7,11,0,290100,0,281910
nqueen,design1,8,11,0,435720,0,422248
nqueen,design1,9,11,0,742116,0,729822
nqueen,design1,10,11,0,1740831,0,1727910
nqueen,design1,11,11,0,6591208,0,6578944
nqueen,design1,12,11,0,37704862,0,37693993
nqueen,design1,13,11,0,246664136,0,246653838
nqueen,design1,14,11,1,321346634,1,321336208
nqueen,design1,15,11,8,548902544,8,548894240
nqueen,design1,4,12,0,331550,0,323381
nqueen,design1,5,12,0,292587,0,284349
nqueen,design1,6,12,0,417548,0,409382
nqueen,design1,7,12,0,365543,0,357324
nqueen,design1,8,12,0,422709,0,414497
nqueen,design1,9,12,0,691902,0,683783
nqueen,design1,10,12,0,1441882,0,1433774
nqueen,design1,11,12,0,7728679,0,7720560
nqueen,design1,12,12,0,31414736,0,31406640
nqueen,design1,13,12,0,199548938,0,199539507
nqueen,design1,14,12,1,227649526,1,227641371
nqueen,design1,15,12,8,118935369,8,118927106
nqueen,design1,4,13,0,326812,0,318105
nqueen,design1,5,13,0,300770,0,292615
nqueen,design1,6,13,0,322996,0,314972
nqueen,design1,7,13,0,402884,0,393465
nqueen,design1,8,13,0,433171,0,425036
nqueen,design1,9,13,0,847763,0,832682
nqueen,design1,10,13,0,1828450,0,1814165
nqueen,design1,11,13,0,7290283,0,7276937
nqueen,design1,12,13,0,32048786,0,32035845
nqueen,design1,13,13,0,157780836,0,157768596
nqueen,design1,14,13,1,179101592,1,179091072
nqueen,design1,15,13,7,873518849,7,873510670
nqueen,design1,4,14,0,373171,0,364529
nqueen,design1,5,14,0,299390,0,291276
nqueen,design1,6,14,0,335084,0,326999
nqueen,design1,7,14,0,411508,0,403417
nqueen,design1,8,14,0,439460,0,431393
nqueen,design1,9,14,0,766027,0,757967
nqueen,design1,10,14,0,1609617,0,1601403
nqueen,design1,11,14,0,6058332,0,6050218
nqueen,design1,12,14,0,29158047,0,29149910
nqueen,design1,13,14,0,148334215,0,148325963
nqueen,design1,14,14,0,879688136,0,879680003
nqueen,design1,15,14,7,477300264,7,477291451
nqueen,design1,4,15,0,371291,0,362855
nqueen,design1,5,15,0,4278740,0,4270634
nqueen,design1,6,15,0,387039,0,378830
nqueen,design1,7,15,0,398933,0,390796
nqueen,design1,8,15,0,573700,0,555850
nqueen,design1,9,15,0,793606,0,777108
nqueen,design1,10,15,0,2063914,0,2048189
nqueen,design1,11,15,0,7813250,0,7797453
nqueen,design1,12,15,0,33092613,0,33078627
nqueen,design1,13,15,0,156539539,0,156525397
nqueen,design1,14,15,0,892486873,0,892474112
nqueen,design1,15,15,5,694313817,5,694305731
nqueen,design1,4,16,0,407588,0,398686
nqueen,design1,5,16,0,417229,0,404839
nqueen,design1,6,16,0,404752,0,393535
nqueen,design1,7,16,0,408490,0,397604
nqueen,design1,8,16,0,493507,0,483027
nqueen,design1,9,16,0,907289,0,889679
nqueen,design1,10,16,0,2063355,0,2052008
nqueen,design1,11,16,0,5888691,0,5877812
nqueen,design1,12,16,0,38926465,0,38915966
nqueen,design1,13,16,0,156853297,0,156845170
nqueen,design1,14,16,0,885380591,0,885368330
nqueen,design1,15,16,5,686485532,5,686477168
nqueen,design1,4,0,0,36167,0,27387
nqueen,design1,5,0,0,38950,0,30878
nqueen,design1,6,0,0,52248,0,44212
nqueen,design1,7,0,0,110081,0,102025
nqueen,design1,8,0,0,363353,0,355110
nqueen,design1,9,0,0,1587018,0,1578875
nqueen,design1,10,0,0,7599407,0,7591356
nqueen,design1,11,0,0,39201464,0,39193358
nqueen,design1,12,0,0,221091433,0,221083403
nqueen,design1,13,0,1,335160577,1,335152496
nqueen,design1,14,0,8,637891679,8,637883617
nqueen,design1,15,0,59,635797054,59,635788546
nqueen,design1,4,1,0,55484,0,46199
nqueen,design1,5,1,0,51308,0,43209
nqueen,design1,6,1,0,66142,0,57555
nqueen,design1,7,1,0,119343,0,111086
nqueen,design1,8,1,0,374690,0,366499
nqueen,design1,9,1,0,1628489,0,1619443
nqueen,design1,10,1,0,7543873,0,7535679
nqueen,design1,11,1,0,38921150,0,38912892
nqueen,design1,12,1,0,219624035,0,219615817
nqueen,design1,13,1,1,327766670,1,327758497
nqueen,design1,14,1,8,780562200,8,780541657
nqueen,design1,15,1,59,495834838,59,495814806
nqueen,design1,4,2,0,140812,0,131344
nqueen,design1,5,2,0,173112,0,164942
nqueen,design1,6,2,0,152215,0,143483
nqueen,design1,7,2,0,207597,0,199324
nqueen,design1,8,2,0,457917,0,449562
nqueen,design1,9,2,0,1434833,0,1425174
nqueen,design1,10,2,0,5604668,0,5596406
nqueen,design1,11,2,0,28558755,0,28550426
nqueen,design1,12,2,0,138708380,0,138699891
nqueen,design1,13,2,0,754337079,0,754328833
nqueen,design1,14,2,4,364366015,4,364357924
nqueen,design1,15,2,31,590464804,31,590456689
nqueen,design1,4,3,0,150129,0,141136
nqueen,design1,5,3,0,190852,0,182695
nqueen,design1,6,3,0,163832,0,155710
nqueen,design1,7,3,0,183125,0,174949
nqueen,design1,8,3,0,287302,0,279195
nqueen,design1,9,3,0,1107964,0,1099635
nqueen,design1,10,3,0,3957974,0,3949781
nqueen,design1,11,3,0,18156415,0,18146796
nqueen,design1,12,3,0,97705780,0,97697527
nqueen,design1,13,3,0,546176384,0,546165020
nqueen,design1,14,3,3,108646900,3,108638655
nqueen,design1,15,3,20,293943044,20,293934390
nqueen,design1,4,4,0,172067,0,163460
nqueen,design1,5,4,0,250022,0,241858
nqueen,design1,6,4,0,155002,0,146853
nqueen,design1,7,4,0,185613,0,177557
nqueen,design1,8,4,0,342310,0,334211
nqueen,design1,9,4,0,726800,0,718635
nqueen,design1,10,4,0,2571013,0,2562810
nqueen,design1,11,4,0,15567978,0,15559395
nqueen,design1,12,4,0,73757577,0,73749367
nqueen,design1,13,4,0,406522038,0,406513863
nqueen,design1,14,4,2,437566722,2,437558563
nqueen,design1,15,4,16,92081106,16,92072896
nqueen,design1,4,5,0,230575,0,221400
nqueen,design1,5,5,0,166567,0,158374
nqueen,design1,6,5,0,224629,0,215471
nqueen,design1,7,5,0,240039,0,231907
nqueen,design1,8,5,0,245007,0,236875
nqueen,design1,9,5,0,732428,0,724268
nqueen,design1,10,5,0,2453424,0,2445374
nqueen,design1,11,5,0,11219118,0,11211008
nqueen,design1,12,5,0,58070715,0,58062548
nqueen,design1,13,5,0,324877375,0,324869158
nqueen,design1,14,5,1,961036839,1,961028308
nqueen,design1,15,5,12,872907745,12,872899685
nqueen,design1,4,6,0,238121,0,229613
nqueen,design1,5,6,0,235166,0,227060
nqueen,design1,6,6,0,265675,0,257506
nqueen,design1,7,6,0,232472,0,223806
nqueen,design1,8,6,0,271376,0,263148
nqueen,design1,9,6,0,664691,0,656061
nqueen,design1,10,6,0,2005390,0,1997348
nqueen,design1,11,6,0,9233279,0,9225118
nqueen,design1,12,6,0,47597268,0,47589138
nqueen,design1,13,6,0,304592101,0,304583962
nqueen,design1,14,6,1,867165081,1,867156997
nqueen,design1,15,6,12,300867248,12,300859165
nqueen,design1,4,7,0,290818,0,281325
nqueen,design1,5,7,0,245998,0,237896
nqueen,design1,6,7,0,246001,0,237978
nqueen,design1,7,7,0,294671,0,286594
nqueen,design1,8,7,0,327591,0,319526
nqueen,design1,9,7,0,654928,0,646955
nqueen,design1,10,7,0,1876385,0,1868235
nqueen,design1,11,7,0,8717302,0,8709197
nqueen,design1,12,7,0,42876950,0,42868772
nqueen,design1,13,7,0,236404929,0,236396760
nqueen,design1,14,7,1,425359360,1,425351267
nqueen,design1,15,7,11,741451551,11,741443422
nqueen,design1,4,8,0,249804,0,235221
nqueen,design1,5,8,0,253473,0,242571
nqueen,design1,6,8,0,320810,0,310030
nqueen,design1,7,8,0,316823,0,305350
nqueen,design1,8,8,0,529436,0,518121
nqueen,design1,9,8,0,820133,0,808779
nqueen,design1,10,8,0,2388690,0,2377227
nqueen,design1,11,8,0,9115772,0,9103945
nqueen,design1,12,8,0,43743791,0,43730163
nqueen,design1,13,8,0,236096439,0,236084763
nqueen,design1,14,8,1,425117065,1,425108922
nqueen,design1,15,8,9,224129758,9,224121298
nqueen,design1,4,9,0,274066,0,265411
nqueen,design1,5,9,0,225088,0,216964
nqueen,design1,6,9,0,307097,0,298915
nqueen,design1,7,9,0,354253,0,346036
nqueen,design1,8,9,0,522525,0,504734
nqueen,design1,9,9,0,918616,0,901975
nqueen,design1,10,9,0,2407227,0,2391395
nqueen,design1,11,9,0,9081963,0,9067036
nqueen,design1,12,9,0,42516324,0,42502211
nqueen,design1,13,9,0,229241071,0,229229117
nqueen,design1,14,9,1,388143445,1,388133039
nqueen,design1,15,9,9,80070832,9,80062692
nqueen,design1,4,10,0,283821,0,274601
nqueen,design1,5,10,0,333514,0,325306
nqueen,design1,6,10,0,290748,0,282610
nqueen,design1,7,10,0,364674,0,356493
nqueen,design1,8,10,0,460097,0,452046
nqueen,design1,9,10,0,689914,0,681772
nqueen,design1,10,10,0,1523314,0,1515172
nqueen,design1,11,10,0,7683337,0,7675133
nqueen,design1,12,10,0,39612905,0,39604773
nqueen,design1,13,10,0,218013910,0,218005682
nqueen,design1,14,10,1,325536668,1,325528500
nqueen,design1,15,10,9,23639262,9,23631123
nqueen,design1,4,11,0,349459,0,340992
nqueen,design1,5,11,0,325531,0,317343
nqueen,design1,6,11,0,311281,0,302440
nqueen,design1,7,11,0,337649,0,329381
nqueen,design1,8,11,0,462713,0,454534
nqueen,design1,9,11,0,758961,0,750620
nqueen,design1,10,11,0,1641424,0,1633207
nqueen,design1,11,11,0,7324059,0,7309853
nqueen,design1,12,11,0,36684006,0,36670464
nqueen,design1,13,11,0,217445548,0,217429884
nqueen,design1,14,11,1,341162983,1,341152636
nqueen,design1,15,11,8,538501654,8,538493488
nqueen,design1,4,12,0,275464,0,266543
nqueen,design1,5,12,0,312441,0,304333
nqueen,design1,6,12,0,314289,0,306112
nqueen,design1,7,12,0,353361,0,345154
nqueen,design1,8,12,0,475085,0,466906
nqueen,design1,9,12,0,814030,0,805872
nqueen,design1,10,12,0,2215827,0,2207604
nqueen,design1,11,12,0,8841742,0,8833540
nqueen,design1,12,12,0,38665345,0,38657209
nqueen,design1,13,12,0,201367295,0,201359083
nqueen,design1,14,12,1,225462759,1,225454573
nqueen,design1,15,12,8,244332084,8,244323880
nqueen,design1,4,13,0,338037,0,329242
nqueen,design1,5,13,0,328542,0,320387
nqueen,design1,6,13,0,335526,0,327348
nqueen,design1,7,13,0,366940,0,358725
nqueen,design1,8,13,0,411791,0,403540
nqueen,design1,9,13,0,671772,0,663471
nqueen,design1,10,13,0,1577973,0,1569753
nqueen,design1,11,13,0,6102747,0,6094457
nqueen,design1,12,13,0,29888700,0,29880509
nqueen,design1,13,13,0,147460735,0,147452629
nqueen,design1,14,13,1,193582323,1,193574119
nqueen,design1,15,13,7,888883404,7,888875237
nqueen,design1,4,14,0,359883,0,347442
nqueen,design1,5,14,0,432433,0,420136
nqueen,design1,6,14,0,466382,0,453448
nqueen,design1,7,14,0,415616,0,402764
nqueen,design1,8,14,0,511185,0,498734
nqueen,design1,9,14,0,736636,0,724889
nqueen,design1,10,14,0,2216868,0,2205603
nqueen,design1,11,14,0,5872882,0,5862097
nqueen,design1,12,14,0,28247365,0,28236897
nqueen,design1,13,14,0,167323550,0,167313069
nqueen,design1,14,14,0,875398741,0,875388265
nqueen,design1,15,14,7,620984609,7,620976504
nqueen,design1,4,15,0,316162,0,307967
nqueen,design1,5,15,0,309376,0,301151
nqueen,design1,6,15,0,335827,0,327777
nqueen,design1,7,15,0,336100,0,327966
nqueen,design1,8,15,0,455428,0,447214
nqueen,design1,9,15,0,802906,0,794696
nqueen,design1,10,15,0,1653741,0,1645635
nqueen,design1,11,15,0,9497180,0,9482299
nqueen,design1,12,15,0,40181037,0,40167631
nqueen,design1,13,15,0,157713098,0,157702218
nqueen,design1,14,15,0,880817704,0,880807266
nqueen,design1,15,15,5,715455030,5,715446935
nqueen,design1,4,16,0,437471,0,428830
nqueen,design1,5,16,0,374505,0,366409
nqueen,design1,6,16,0,402293,0,394077
nqueen,design1,7,16,0,413162,0,404968
nqueen,design1,8,16,0,500596,0,490774
nqueen,design1,9,16,0,708615,0,700413
nqueen,design1,10,16,0,1630270,0,1621958
nqueen,design1,11,16,0,6944527,0,6936481
nqueen,design1,12,16,0,31111817,0,31103627
nqueen,design1,13,16,0,156600133,0,156590408
nqueen,design1,14,16,0,872036046,0,872027878
nqueen,design1,15,16,5,673227954,5,673219745
nqueen,design1,4,0,0,41098,0,31350
nqueen,design1,5,0,0,40235,0,31728
nqueen,design1,6,0,0,54878,0,46306
nqueen,design1,7,0,0,114230,0,105642
nqueen,design1,8,0,0,383463,0,374937
nqueen,design1,9,0,0,1714946,0,1706343
nqueen,design1,10,0,0,8060012,0,8051401
nqueen,design1,11,0,0,41551056,0,41542552
nqueen,design1,12,0,0,235000447,0,234991930
nqueen,design1,13,0,1,416705931,1,416697416
nqueen,design1,14,0,8,714695412,8,714686819
nqueen,design1,15,0,59,589981009,59,589972800
nqueen,design1,4,1,0,51844,0,42810
nqueen,design1,5,1,0,51792,0,43691
nqueen,design1,6,1,0,63766,0,55629
nqueen,design1,7,1,0,123229,0,114900
nqueen,design1,8,1,0,400967,0,392685
nqueen,design1,9,1,0,1592620,0,1584487
nqueen,design1,10,1,0,7537905,0,7529724
nqueen,design1,11,1,0,38918742,0,38910473
nqueen,design1,12,1,0,220113740,0,220105476
nqueen,design1,13,1,1,324180795,1,324172759
nqueen,design1,14,1,8,784322165,8,784302973
nqueen,design1,15,1,59,471610971,59,471598127
nqueen,design1,4,2,0,156870,0,147433
nqueen,design1,5,2,0,159264,0,151040
nqueen,design1,6,2,0,155565,0,146896
nqueen,design1,7,2,0,231866,0,223676
nqueen,design1,8,2,0,418550,0,410357
nqueen,design1,9,2,0,1512062,0,1503855
nqueen,design1,10,2,0,5696407,0,5688023
nqueen,design1,11,2,0,29577660,0,29569367
nqueen,design1,12,2,0,134149422,0,134141068
nqueen,design1,13,2,0,739874860,0,739866751
nqueen,design1,14,2,4,361109408,4,361101050
nqueen,design1,15,2,31,699338404,31,699329624
nqueen,design1,4,3,0,241443,0,221263
nqueen,design1,5,3,0,238521,0,219483
nqueen,design1,6,3,0,238994,0,221205
nqueen,design1,7,3,0,262075,0,244342
nqueen,design1,8,3,0,403915,0,387272
nqueen,design1,9,3,0,1115201,0,1098401
nqueen,design1,10,3,0,4771440,0,4754691
nqueen,design1,11,3,0,20663630,0,20647826
nqueen,design1,12,3,0,97778788,0,97764576
nqueen,design1,13,3,0,538585627,0,538577329
nqueen,design1,14,3,3,86354940,3,86346851
nqueen,design1,15,3,20,790948498,20,790939873
nqueen,design1,4,4,0,181471,0,172460
nqueen,design1,5,4,0,156211,0,147969
nqueen,design1,6,4,0,208656,0,200378
nqueen,design1,7,4,0,273636,0,265363
nqueen,design1,8,4,0,347834,0,339465
nqueen,design1,9,4,0,725404,0,717096
nqueen,design1,10,4,0,3234455,0,3223664
nqueen,design1,11,4,0,15127842,0,15117284
nqueen,design1,12,4,0,72331628,0,72323231
nqueen,design1,13,4,0,403041566,0,403033343
nqueen,design1,14,4,2,440571550,2,440563264
nqueen,design1,15,4,16,54369831,16,54361443
nqueen,design1,4,5,0,169299,0,160620
nqueen,design1,5,5,0,234405,0,226351
nqueen,design1,6,5,0,229983,0,221767
nqueen,design1,7,5,0,278555,0,270286
nqueen,design1,8,5,0,315626,0,307343
nqueen,design1,9,5,0,1514051,0,1505849
nqueen,design1,10,5,0,2560324,0,2552060
nqueen,design1,11,5,0,11671479,0,11663046
nqueen,design1,12,5,0,70615429,0,70607139
nqueen,design1,13,5,0,327557652,0,327549471
nqueen,design1,14,5,1,962240107,1,962231738
nqueen,design1,15,5,12,930424538,12,930416356
nqueen,design1,4,6,0,244198,0,234554
nqueen,design1,5,6,0,234609,0,226517
nqueen,design1,6,6,0,236919,0,228785
nqueen,design1,7,6,0,235863,0,227789
nqueen,design1,8,6,0,313037,0,304892
nqueen,design1,9,6,0,724469,0,716204
nqueen,design1,10,6,0,2190619,0,2182537
nqueen,design1,11,6,0,11128210,0,11120119
nqueen,design1,12,6,0,65430443,0,65422233
nqueen,design1,13,6,0,305255738,0,305246294
nqueen,design1,14,6,1,868927927,1,868919885
nqueen,design1,15,6,12,481230087,12,481220214
nqueen,design1,4,7,0,229141,0,219581
nqueen,design1,5,7,0,221407,0,213245
nqueen,design1,6,7,0,218338,0,210247
nqueen,design1,7,7,0,282770,0,274542
nqueen,design1,8,7,0,298707,0,290505
nqueen,design1,9,7,0,640745,0,632583
nqueen,design1,10,7,0,1941875,0,1933713
nqueen,design1,11,7,0,8675244,0,8667031
nqueen,design1,12,7,0,42580490,0,42572238
nqueen,design1,13,7,0,238203458,0,238195385
nqueen,design1,14,7,1,425717158,1,425709129
nqueen,design1,15,7,11,732281074,11,732273003
nqueen,design1,4,8,0,241671,0,232792
nqueen,design1,5,8,0,266331,0,258242
nqueen,design1,6,8,0,309863,0,301685
nqueen,design1,7,8,0,350857,0,342699
nqueen,design1,8,8,0,408983,0,400862
nqueen,design1,9,8,0,798768,0,784487
nqueen,design1,10,8,0,2392998,0,2384877
nqueen,design1,11,8,0,9180392,0,9172166
nqueen,design1,12,8,0,43124791,0,43116683
nqueen,design1,13,8,0,260400703,0,260392498
nqueen,design1,14,8,1,424866106,1,424857865
nqueen,design1,15,8,9,205919389,9,205910501
nqueen,design1,4,9,0,238788,0,230142
nqueen,design1,5,9,0,269532,0,261220
nqueen,design1,6,9,0,961545,0,953318
nqueen,design1,7,9,0,313374,0,305094
nqueen,design1,8,9,0,361363,0,353134
nqueen,design1,9,9,0,537645,0,529540
nqueen,design1,10,9,0,1818932,0,1810120
nqueen,design1,11,9,0,7984296,0,7976227
nqueen,design1,12,9,0,40760934,0,40751987
nqueen,design1,13,9,0,231363784,0,231355756
nqueen,design1,14,9,1,371998104,1,371990075
nqueen,design1,15,9,9,197930598,9,197922469
nqueen,design1,4,10,0,297039,0,288343
nqueen,design1,5,10,0,237228,0,229180
nqueen,design1,6,10,0,353504,0,345325
nqueen,design1,7,10,0,312011,0,303834
nqueen,design1,8,10,0,419637,0,410982
nqueen,design1,9,10,0,673272,0,665090
nqueen,design1,10,10,0,1621806,0,1613683
nqueen,design1,11,10,0,7798812,0,7790561
nqueen,design1,12,10,0,39455884,0,39447874
nqueen,design1,13,10,0,230592584,0,230584526
nqueen,design1,14,10,1,401688446,1,401680362
nqueen,design1,15,10,8,816922166,8,816913986
nqueen,design1,4,11,0,273479,0,265307
nqueen,design1,5,11,0,297536,0,289389
nqueen,design1,6,11,0,260817,0,252530
nqueen,design1,7,11,0,342084,0,333790
nqueen,design1,8,11,0,456943,0,448800
nqueen,design1,9,11,0,756672,0,748404
nqueen,design1,10,11,0,2162903,0,2154372
nqueen,design1,11,11,0,7717177,0,7708644
nqueen,design1,12,11,0,37871832,0,37863787
nqueen,design1,13,11,0,211560436,0,211552363
nqueen,design1,14,11,1,313264894,1,313256588
nqueen,design1,15,11,8,633420778,8,633412631
nqueen,design1,4,12,0,348189,0,339728
nqueen,design1,5,12,0,314681,0,306589
nqueen,design1,6,12,0,354338,0,346247
nqueen,design1,7,12,0,379929,0,371863
nqueen,design1,8,12,0,481047,0,472883
nqueen,design1,9,12,0,846695,0,838450
nqueen,design1,10,12,0,3162996,0,3154744
nqueen,design1,11,12,0,8809918,0,8794747
nqueen,design1,12,12,0,39746537,0,39732218
nqueen,design1,13,12,0,200120220,0,200108278
nqueen,design1,14,12,1,227662883,1,227652421
nqueen,design1,15,12,8,257396759,8,257388230
nqueen,design1,4,13,0,338248,0,330075
nqueen,design1,5,13,0,994641,0,986559
nqueen,design1,6,13,0,323411,0,315223
nqueen,design1,7,13,0,356937,0,348859
nqueen,design1,8,13,0,453839,0,445647
nqueen,design1,9,13,0,761553,0,753281
nqueen,design1,10,13,0,1534321,0,1526016
nqueen,design1,11,13,0,9797143,0,9788389
nqueen,design1,12,13,0,35371704,0,35363566
nqueen,design1,13,13,0,158492968,0,158484672
nqueen,design1,14,13,1,192247440,1,192239271
nqueen,design1,15,13,7,914483191,7,914474957
nqueen,design1,4,14,0,351167,0,342551
nqueen,design1,5,14,0,356769,0,348664
nqueen,design1,6,14,0,373255,0,365137
nqueen,design1,7,14,0,379500,0,371385
nqueen,design1,8,14,0,458295,0,450051
nqueen,design1,9,14,0,646371,0,638121
nqueen,design1,10,14,0,2116656,0,2108419
nqueen,design1,11,14,0,6064346,0,6055813
nqueen,design1,12,14,0,31599146,0,31590483
nqueen,design1,13,14,0,164950091,0,164940989
nqueen,design1,14,14,0,877595809,0,877587572
nqueen,design1,15,14,7,585332713,7,585324651
nqueen,design1,4,15,0,351152,0,342968
nqueen,design1,5,15,0,325026,0,316940
nqueen,design1,6,15,0,394444,0,386417
nqueen,design1,7,15,0,396705,0,388545
nqueen,design1,8,15,0,439416,0,430752
nqueen,design1,9,15,0,923140,0,914389
nqueen,design1,10,15,0,2115016,0,2106165
nqueen,design1,11,15,0,9072396,0,9063909
nqueen,design1,12,15,0,38424695,0,38416474
nqueen,design1,13,15,0,164098579,0,164090269
nqueen,design1,14,15,0,876042365,0,876034233
nqueen,design1,15,15,5,748807035,5,748798411
nqueen,design1,4,16,0,329926,0,321777
nqueen,design1,5,16,0,395472,0,387411
nqueen,design1,6,16,0,405609,0,397419
nqueen,design1,7,16,0,409215,0,401102
nqueen,design1,8,16,0,492445,0,484263
nqueen,design1,9,16,0,1092137,0,1083611
nqueen,design1,10,16,0,1567749,0,1559638
nqueen,design1,11,16,0,7355210,0,7347024
nqueen,design1,12,16,0,35631411,0,35620036
nqueen,design1,13,16,0,151577776,0,151569511
nqueen,design1,14,16,0,870952893,0,870941549
nqueen,design1,15,16,5,681511950,5,681503779
nqueen,design1,4,0,0,37222,0,28653
nqueen,design1,5,0,0,39330,0,31262
nqueen,design1,6,0,0,51638,0,43569
nqueen,design1,7,0,0,107437,0,99318
nqueen,design1,8,0,0,363994,0,355283
nqueen,design1,9,0,0,1578568,0,1570400
nqueen,design1,10,0,0,7692249,0,7684095
nqueen,design1,11,0,0,39276527,0,39268382
nqueen,design1,12,0,0,220707873,0,220699566
nqueen,design1,13,0,1,332288495,1,332279913
nqueen,design1,14,0,8,632616288,8,632607765
nqueen,design1,15,0,59,786922946,59,786902074
nqueen,design1,4,1,0,53739,0,44625
nqueen,design1,5,1,0,50544,0,42466
nqueen,design1,6,1,0,61839,0,53795
nqueen,design1,7,1,0,117860,0,109782
nqueen,design1,8,1,0,378827,0,370737
nqueen,design1,9,1,0,1602638,0,1594446
nqueen,design1,10,1,0,7556348,0,7548177
nqueen,design1,11,1,0,38951813,0,38943607
nqueen,design1,12,1,0,222219873,0,222211812
nqueen,design1,13,1,1,325891920,1,325883546
nqueen,design1,14,1,8,579323764,8,579315636
nqueen,design1,15,1,59,352877442,59,352869382
nqueen,design1,4,2,0,159121,0,149696
nqueen,design1,5,2,0,148288,0,131090
nqueen,design1,6,2,0,172072,0,163949
nqueen,design1,7,2,0,236442,0,228304
nqueen,design1,8,2,0,427002,0,418801
nqueen,design1,9,2,0,1500617,0,1492353
nqueen,design1,10,2,0,5707992,0,5699749
nqueen,design1,11,2,0,29518848,0,29510502
nqueen,design1,12,2,0,137586282,0,137578062
nqueen,design1,13,2,0,744777548,0,744769524
nqueen,design1,14,2,4,363220400,4,363212214
nqueen,design1,15,2,31,518619245,31,518611129
nqueen,design1,4,3,0,149794,0,141140
nqueen,design1,5,3,0,157194,0,148993
nqueen,design1,6,3,0,161321,0,153219
nqueen,design1,7,3,0,197820,0,189588
nqueen,design1,8,3,0,298344,0,290095
nqueen,design1,9,3,0,1010400,0,1002334
nqueen,design1,10,3,0,4219784,0,4211446
nqueen,design1,11,3,0,18149558,0,18141363
nqueen,design1,12,3,0,93055459,0,93047052
nqueen,design1,13,3,0,541453571,0,541444369
nqueen,design1,14,3,3,105011756,3,105003470
nqueen,design1,15,3,20,339057434,20,339049262
nqueen,design1,4,4,0,178960,0,169968
nqueen,design1,5,4,0,219276,0,210702
nqueen,design1,6,4,0,170996,0,162936
nqueen,design1,7,4,0,231298,0,223212
nqueen,design1,8,4,0,303184,0,295092
nqueen,design1,9,4,0,806428,0,798366
nqueen,design1,10,4,0,3285538,0,3273710
nqueen,design1,11,4,0,15252604,0,15237831
nqueen,design1,12,4,0,76213104,0,76200277
nqueen,design1,13,4,0,418498840,0,418488420
nqueen,design1,14,4,2,434857192,2,434846774
nqueen,design1,15,4,16,22017683,16,22009448
nqueen,design1,4,5,0,233921,0,225109
nqueen,design1,5,5,0,165062,0,156995
nqueen,design1,6,5,0,181391,0,173225
nqueen,design1,7,5,0,194790,0,186569
nqueen,design1,8,5,0,244416,0,236314
nqueen,design1,9,5,0,591598,0,583377
nqueen,design1,10,5,0,2904240,0,2895988
nqueen,design1,11,5,0,11628742,0,11620246
nqueen,design1,12,5,0,64884016,0,64875617
nqueen,design1,13,5,0,325739045,0,325730782
nqueen,design1,14,5,2,2983778,2,2975696
nqueen,design1,15,5,12,870566075,12,870558008
nqueen,design1,4,6,0,209009,0,200947
nqueen,design1,5,6,0,279029,0,270108
nqueen,design1,6,6,0,219033,0,210820
nqueen,design1,7,6,0,210910,0,202749
nqueen,design1,8,6,0,278962,0,269159
nqueen,design1,9,6,0,640923,0,632759
nqueen,design1,10,6,0,2020893,0,2012864
nqueen,design1,11,6,0,8467710,0,8459375
nqueen,design1,12,6,0,43532736,0,43524643
nqueen,design1,13,6,0,305641886,0,305633623
nqueen,design1,14,6,1,867387927,1,867379758
nqueen,design1,15,6,12,331181018,12,331172855
nqueen,design1,4,7,0,301146,0,292676
nqueen,design1,5,7,0,245082,0,236961
nqueen,design1,6,7,0,261157,0,253080
nqueen,design1,7,7,0,278066,0,269967
nqueen,design1,8,7,0,337288,0,329128
nqueen,design1,9,7,0,586286,0,578197
nqueen,design1,10,7,0,1935648,0,1927554
nqueen,design1,11,7,0,8611898,0,8603764
nqueen,design1,12,7,0,47415260,0,47400431
nqueen,design1,13,7,0,239574705,0,239563392
nqueen,design1,14,7,1,463999048,1,463988583
nqueen,design1,15,7,11,784374985,11,784366894
nqueen,design1,4,8,0,287625,0,271293
nqueen,design1,5,8,0,323782,0,308790
nqueen,design1,6,8,0,351894,0,336961
nqueen,design1,7,8,0,380756,0,366637
nqueen,design1,8,8,0,449347,0,428492
nqueen,design1,9,8,0,770244,0,755194
nqueen,design1,10,8,0,2156154,0,2141845
nqueen,design1,11,8,0,8725640,0,8711828
nqueen,design1,12,8,0,43328928,0,43315108
nqueen,design1,13,8,0,244000094,0,243991858
nqueen,design1,14,8,1,414969699,1,414956854
nqueen,design1,15,8,9,223210169,9,223202004
nqueen,design1,4,9,0,254486,0,246090
nqueen,design1,5,9,0,282075,0,273830
nqueen,design1,6,9,0,293415,0,285155
nqueen,design1,7,9,0,375134,0,366905
nqueen,design1,8,9,0,396547,0,388234
nqueen,design1,9,9,0,543208,0,534925
nqueen,design1,10,9,0,1829642,0,1821417
nqueen,design1,11,9,0,8088243,0,8080058
nqueen,design1,12,9,0,40456504,0,40448233
nqueen,design1,13,9,0,231732778,0,231724755
nqueen,design1,14,9,1,423110264,1,423102089
nqueen,design1,15,9,9,16179132,9,16170934
nqueen,design1,4,10,0,284790,0,276022
nqueen,design1,5,10,0,263206,0,255123
nqueen,design1,6,10,0,344447,0,336274
nqueen,design1,7,10,0,341430,0,333263
nqueen,design1,8,10,0,409147,0,400410
nqueen,design1,9,10,0,840787,0,832096
nqueen,design1,10,10,0,2190321,0,2182089
nqueen,design1,11,10,0,9139805,0,9131015
nqueen,design1,12,10,0,39652326,0,39644389
nqueen,design1,13,10,0,224492483,0,224484355
nqueen,design1,14,10,1,360823839,1,360815784
nqueen,design1,15,10,8,728866951,8,728858074
nqueen,design1,4,11,0,269031,0,260986
nqueen,design1,5,11,0,328722,0,318839
nqueen,design1,6,11,0,323738,0,315536
nqueen,design1,7,11,0,366238,0,357794
nqueen,design1,8,11,0,375612,0,367267
nqueen,design1,9,11,0,705564,0,697250
nqueen,design1,10,11,0,1821732,0,1813609
nqueen,design1,11,11,0,8596978,0,8588842
nqueen,design1,12,11,0,37250235,0,37241908
nqueen,design1,13,11,0,214766150,0,214758046
nqueen,design1,14,11,1,321813739,1,321805563
nqueen,design1,15,11,8,728898156,8,728890046
nqueen,design1,4,12,0,414874,0,392367
nqueen,design1,5,12,0,495071,0,474563
nqueen,design1,6,12,0,540416,0,521468
nqueen,design1,7,12,0,477798,0,459904
nqueen,design1,8,12,0,536828,0,519980
nqueen,design1,9,12,0,906874,0,891050
nqueen,design1,10,12,0,2280329,0,2264432
nqueen,design1,11,12,0,9446871,0,9431873
nqueen,design1,12,12,0,38215674,0,38201331
nqueen,design1,13,12,0,216327599,0,216315400
nqueen,design1,14,12,1,242636108,1,242625680
nqueen,design1,15,12,8,271611672,8,271603624
nqueen,design1,4,13,0,333503,0,324530
nqueen,design1,5,13,0,363593,0,355381
nqueen,design1,6,13,0,356178,0,347563
nqueen,design1,7,13,0,361210,0,352652
nqueen,design1,8,13,0,392581,0,384000
nqueen,design1,9,13,0,624100,0,615501
nqueen,design1,10,13,0,1454297,0,1446131
nqueen,design1,11,13,0,5295844,0,5287723
nqueen,design1,12,13,0,27903047,0,27894815
nqueen,design1,13,13,0,148087528,0,148078850
nqueen,design1,14,13,1,197788275,1,197774955
nqueen,design1,15,13,7,868039856,7,868031790
nqueen,design1,4,14,0,325652,0,313641
nqueen,design1,5,14,0,336592,0,325217
nqueen,design1,6,14,0,815047,0,802156
nqueen,design1,7,14,0,461402,0,448574
nqueen,design1,8,14,0,469771,0,453961
nqueen,design1,9,14,0,802333,0,789958
nqueen,design1,10,14,0,1579106,0,1566798
nqueen,design1,11,14,0,6919263,0,6907475
nqueen,design1,12,14,0,30797510,0,30786061
nqueen,design1,13,14,0,156078451,0,156067101
nqueen,design1,14,14,0,874220137,0,874209578
nqueen,design1,15,14,7,459712937,7,459703100
nqueen,design1,4,15,0,378412,0,369954
nqueen,design1,5,15,0,375154,0,366967
nqueen,design1,6,15,0,380489,0,372304
nqueen,design1,7,15,0,345763,0,337648
nqueen,design1,8,15,0,550101,0,542014
nqueen,design1,9,15,0,869427,0,861084
nqueen,design1,10,15,0,2477369,0,2469069
nqueen,design1,11,15,0,9839498,0,9831177
nqueen,design1,12,15,0,39171753,0,39163496
nqueen,design1,13,15,0,181052215,0,181043997
nqueen,design1,14,15,0,901280443,0,901270887
nqueen,design1,15,15,5,673276263,5,673266901
nqueen,design1,4,16,0,384887,0,376638
nqueen,design1,5,16,0,385575,0,377482
nqueen,design1,6,16,0,420823,0,412672
nqueen,design1,7,16,0,449280,0,441089
nqueen,design1,8,16,0,612213,0,603887
nqueen,design1,9,16,0,775968,0,767624
nqueen,design1,10,16,0,2380684,0,2372351
nqueen,design1,11,16,0,9361866,0,9352000
nqueen,design1,12,16,0,39245046,0,39236896
nqueen,design1,13,16,0,169439398,0,169431132
nqueen,design1,14,16,0,878132644,0,878124471
nqueen,design1,15,16,5,672786265,5,672778161
nqueen,design1,4,0,0,36161,0,27543
nqueen,design1,5,0,0,40957,0,32843
nqueen,design1,6,0,0,55323,0,47119
nqueen,design1,7,0,0,112865,0,99760
nqueen,design1,8,0,0,363140,0,354929
nqueen,design1,9,0,0,1583542,0,1575414
nqueen,design1,10,0,0,7541795,0,7533588
nqueen,design1,11,0,0,39089132,0,39080889
nqueen,design1,12,0,0,220571119,0,220563067
nqueen,design1,13,0,1,332321319,1,332313163
nqueen,design1,14,0,8,635774021,8,635765866
nqueen,design1,15,0,59,588792166,59,588783988
nqueen,design1,4,1,0,52551,0,43472
nqueen,design1,5,1,0,49365,0,41319
nqueen,design1,6,1,0,64975,0,56652
nqueen,design1,7,1,0,119652,0,111493
nqueen,design1,8,1,0,377538,0,369326
nqueen,design1,9,1,0,1595323,0,1587131
nqueen,design1,10,1,0,7513031,0,7504758
nqueen,design1,11,1,0,38938693,0,38930450
nqueen,design1,12,1,0,219612039,0,219603852
nqueen,design1,13,1,1,324396012,1,324387766
nqueen,design1,14,1,8,605960701,8,605952571
nqueen,design1,15,1,59,433234049,59,433225657
nqueen,design1,4,2,0,148852,0,139168
nqueen,design1,5,2,0,156659,0,148503
nqueen,design1,6,2,0,142961,0,134913
nqueen,design1,7,2,0,183389,0,174795
nqueen,design1,8,2,0,380138,0,371863
nqueen,design1,9,2,0,1223158,0,1215143
nqueen,design1,10,2,0,4171417,0,4158012
nqueen,design1,11,2,0,22517022,0,22502031
nqueen,design1,12,2,0,138746758,0,138738636
nqueen,design1,13,2,0,740855782,0,740847272
nqueen,design1,14,2,4,374560350,4,374552147
nqueen,design1,15,2,31,534255771,31,534247707
nqueen,design1,4,3,0,139681,0,130959
nqueen,design1,5,3,0,165570,0,157443
nqueen,design1,6,3,0,162429,0,153525
nqueen,design1,7,3,0,204850,0,196585
nqueen,design1,8,3,0,316516,0,308327
nqueen,design1,9,3,0,899714,0,891301
nqueen,design1,10,3,0,3745585,0,3737257
nqueen,design1,11,3,0,18178122,0,18164272
nqueen,design1,12,3,0,91646733,0,91638423
nqueen,design1,13,3,0,544524359,0,544516267
nqueen,design1,14,3,3,86325135,3,86316992
nqueen,design1,15,3,20,281943982,20,281935769
nqueen,design1,4,4,0,199794,0,190511
nqueen,design1,5,4,0,176036,0,167834
nqueen,design1,6,4,0,229630,0,221617
nqueen,design1,7,4,0,250104,0,242048
nqueen,design1,8,4,0,275237,0,266979
nqueen,design1,9,4,0,782857,0,774511
nqueen,design1,10,4,0,2977831,0,2969410
nqueen,design1,11,4,0,12421834,0,12413572
nqueen,design1,12,4,0,67394231,0,67385999
nqueen,design1,13,4,0,396528309,0,396519244
nqueen,design1,14,4,2,437768727,2,437760584
nqueen,design1,15,4,16,63706383,16,63698095
nqueen,design1,4,5,0,230875,0,222630
nqueen,design1,5,5,0,215985,0,207931
nqueen,design1,6,5,0,214982,0,206878
nqueen,design1,7,5,0,224947,0,216760
nqueen,design1,8,5,0,350505,0,340005
nqueen,design1,9,5,0,728208,0,717430
nqueen,design1,10,5,0,2526848,0,2516364
nqueen,design1,11,5,0,11656746,0,11648572
nqueen,design1,12,5,0,58248425,0,58240363
nqueen,design1,13,5,0,324516554,0,324508375
nqueen,design1,14,5,1,956105091,1,956096164
nqueen,design1,15,5,12,769525223,12,769517017
nqueen,design1,4,6,0,209175,0,199982
nqueen,design1,5,6,0,204611,0,196426
nqueen,design1,6,6,0,240050,0,231794
nqueen,design1,7,6,0,246150,0,237840
nqueen,design1,8,6,0,255194,0,246786
nqueen,design1,9,6,0,621834,0,613792
nqueen,design1,10,6,0,2034321,0,2024793
nqueen,design1,11,6,0,8579228,0,8571007
nqueen,design1,12,6,0,46505470,0,46497322
nqueen,design1,13,6,0,304970571,0,304962385
nqueen,design1,14,6,1,868608538,1,868600428
nqueen,design1,15,6,12,293827026,12,293818854
nqueen,design1,4,7,0,222217,0,213987
nqueen,design1,5,7,0,288122,0,279874
nqueen,design1,6,7,0,245770,0,237585
nqueen,design1,7,7,0,275052,0,266738
nqueen,design1,8,7,0,312713,0,304507
nqueen,design1,9,7,0,793825,0,785511
nqueen,design1,10,7,0,2208041,0,2199681
nqueen,design1,11,7,0,8934240,0,8925747
nqueen,design1,12,7,0,43516760,0,43508545
nqueen,design1,13,7,0,241262164,0,241253886
nqueen,design1,14,7,1,425820829,1,425812662
nqueen,design1,15,7,11,796760004,11,796751780
nqueen,design1,4,8,0,256862,0,247837
nqueen,design1,5,8,0,295243,0,287037
nqueen,design1,6,8,0,285571,0,277298
nqueen,design1,7,8,0,327337,0,319087
nqueen,design1,8,8,0,425873,0,417692
nqueen,design1,9,8,0,712743,0,704362
nqueen,design1,10,8,0,2340797,0,2332507
nqueen,design1,11,8,0,9458087,0,9449591
nqueen,design1,12,8,0,43097459,0,43089165
nqueen,design1,13,8,0,233370548,0,233362283
nqueen,design1,14,8,1,417413945,1,417405797
nqueen,design1,15,8,9,198637079,9,198628803
nqueen,design1,4,9,0,221450,0,210962
nqueen,design1,5,9,0,334352,0,323951
nqueen,design1,6,9,0,307356,0,296954
nqueen,design1,7,9,0,335374,0,324972
nqueen,design1,8,9,0,479005,0,468623
nqueen,design1,9,9,0,735753,0,725389
nqueen,design1,10,9,0,2220973,0,2208726
nqueen,design1,11,9,0,9131320,0,9120058
nqueen,design1,12,9,0,41319463,0,41308481
nqueen,design1,13,9,0,236249965,0,236239542
nqueen,design1,14,9,1,414786197,1,414775740
nqueen,design1,15,9,9,122697539,9,122689467
nqueen,design1,4,10,0,290616,0,281606
nqueen,design1,5,10,0,290348,0,282225
nqueen,design1,6,10,0,1085518,0,1077402
nqueen,design1,7,10,0,388458,0,379865
nqueen,design1,8,10,0,410621,0,402486
nqueen,design1,9,10,0,678290,0,670271
nqueen,design1,10,10,0,1670934,0,1662334
nqueen,design1,11,10,0,7636494,0,7628429
nqueen,design1,12,10,0,40165406,0,40157316
nqueen,design1,13,10,0,222634060,0,222626004
nqueen,design1,14,10,1,349073922,1,349065882
nqueen,design1,15,10,8,997377654,8,997368881
nqueen,design1,4,11,0,335635,0,323103
nqueen,design1,5,11,0,334817,0,322561
nqueen,design1,6,11,0,399754,0,387517
nqueen,design1,7,11,0,342143,0,330026
nqueen,design1,8,11,0,411625,0,398585
nqueen,design1,9,11,0,665908,0,647984
nqueen,design1,10,11,0,1863617,0,1840284
nqueen,design1,11,11,0,7418372,0,7405951
nqueen,design1,12,11,0,37995088,0,37983254
nqueen,design1,13,11,0,218031227,0,218020792
nqueen,design1,14,11,1,308274436,1,308263995
nqueen,design1,15,11,8,725248038,8,725239670
nqueen,design1,4,12,0,322049,0,311520
nqueen,design1,5,12,0,376041,0,365588
nqueen,design1,6,12,0,353902,0,345749
nqueen,design1,7,12,0,342003,0,333434
nqueen,design1,8,12,0,418303,0,409765
nqueen,design1,9,12,0,803066,0,794403
nqueen,design1,10,12,0,2282517,0,2274382
nqueen,design1,11,12,0,8231759,0,8223650
nqueen,design1,12,12,0,45650464,0,45642259
nqueen,design1,13,12,0,200343645,0,200335688
nqueen,design1,14,12,1,225543580,1,225535307
nqueen,design1,15,12,8,137883568,8,137875160
nqueen,design1,4,13,0,305008,0,296216
nqueen,design1,5,13,0,374051,0,365933
nqueen,design1,6,13,0,358950,0,350880
nqueen,design1,7,13,0,366445,0,358302
nqueen,design1,8,13,0,454685,0,446580
nqueen,design1,9,13,0,842557,0,834507
nqueen,design1,10,13,0,1916123,0,1907988
nqueen,design1,11,13,0,8517778,0,8509484
nqueen,design1,12,13,0,31504912,0,31496511
nqueen,design1,13,13,0,163769397,0,163761232
nqueen,design1,14,13,1,179656970,1,179648854
nqueen,design1,15,13,7,880407622,7,880399417
nqueen,design1,4,14,0,575945,0,553945
nqueen,design1,5,14,0,470629,0,451660
nqueen,design1,6,14,0,547254,0,529476
nqueen,design1,7,14,0,504178,0,486758
nqueen,design1,8,14,0,557774,0,541801
nqueen,design1,9,14,0,923873,0,908114
nqueen,design1,10,14,0,2073659,0,2057952
nqueen,design1,11,14,0,7689619,0,7674632
nqueen,design1,12,14,0,34297765,0,34284242
nqueen,design1,13,14,0,168999426,0,168987033
nqueen,design1,14,14,0,891852369,0,891843303
nqueen,design1,15,14,7,474046221,7,474037975
nqueen,design1,4,15,0,359772,0,350918
nqueen,design1,5,15,0,383755,0,375440
nqueen,design1,6,15,0,370408,0,362254
nqueen,design1,7,15,0,434321,0,426064
nqueen,design1,8,15,0,517141,0,508899
nqueen,design1,9,15,0,761712,0,753597
nqueen,design1,10,15,0,2311924,0,2303817
nqueen,design1,11,15,0,8737498,0,8729250
nqueen,design1,12,15,0,37132482,0,37124216
nqueen,design1,13,15,0,167001430,0,166988980
nqueen,design1,14,15,0,914614418,0,914600221
nqueen,design1,15,15,5,682983226,5,682974509
nqueen,design1,4,16,0,369761,0,361516
nqueen,design1,5,16,0,390214,0,382077
nqueen,design1,6,16,0,489916,0,475638
nqueen,design1,7,16,0,498220,0,484143
nqueen,design1,8,16,0,545454,0,531816
nqueen,design1,9,16,0,3817074,0,3808898
nqueen,design1,10,16,0,1733919,0,1725643
nqueen,design1,11,16,0,6326941,0,6318366
nqueen,design1,12,16,0,29467530,0,29455832
nqueen,design1,13,16,0,149396984,0,149385155
nqueen,design1,14,16,0,872304248,0,872293919
nqueen,design1,15,16,5,703724336,5,703715665
nqueen,design1,4,0,0,36512,0,27776
nqueen,design1,5,0,0,38622,0,30421
nqueen,design1,6,0,0,52019,0,43938
nqueen,design1,7,0,0,107993,0,99901
nqueen,design1,8,0,0,410533,0,402380
nqueen,design1,9,0,0,1579801,0,1571685
nqueen,design1,10,0,0,7615160,0,7607098
nqueen,design1,11,0,0,39353099,0,39344954
nqueen,design1,12,0,0,220771963,0,220763758
nqueen,design1,13,0,1,332355206,1,332347173
nqueen,design1,14,0,8,645800337,8,645792102
nqueen,design1,15,0,59,585709039,59,585700814
nqueen,design1,4,1,0,53379,0,44347
nqueen,design1,5,1,0,50398,0,42192
nqueen,design1,6,1,0,64379,0,56220
nqueen,design1,7,1,0,263842,0,247268
nqueen,design1,8,1,0,799695,0,783241
nqueen,design1,9,1,0,3382039,0,3365483
nqueen,design1,10,1,0,15369350,0,15352668
nqueen,design1,11,1,0,62675297,0,62660327
nqueen,design1,12,1,0,223740996,0,223729731
nqueen,design1,13,1,1,324753265,1,324745108
nqueen,design1,14,1,8,580435246,8,580424284
nqueen,design1,15,1,60,198007470,60,197999170
nqueen,design1,4,2,0,172758,0,160320
nqueen,design1,5,2,0,167288,0,155658
nqueen,design1,6,2,0,203647,0,191250
nqueen,design1,7,2,0,228536,0,216785
nqueen,design1,8,2,0,460742,0,449405
nqueen,design1,9,2,0,1645184,0,1634197
nqueen,design1,10,2,0,6980642,0,6969524
nqueen,design1,11,2,0,33955472,0,33944405
nqueen,design1,12,2,0,157576476,0,157565728
nqueen,design1,13,2,0,740500899,0,740492328
nqueen,design1,14,2,4,362731194,4,362723054
nqueen,design1,15,2,31,350029967,31,350021704
nqueen,design1,4,3,0,184311,0,175159
nqueen,design1,5,3,0,186733,0,178425
nqueen,design1,6,3,0,178847,0,170624
nqueen,design1,7,3,0,196873,0,188653
nqueen,design1,8,3,0,340096,0,331758
nqueen,design1,9,3,0,1109849,0,1101496
nqueen,design1,10,3,0,4057039,0,4048733
nqueen,design1,11,3,0,20880783,0,20872495
nqueen,design1,12,3,0,105021456,0,105012938
nqueen,design1,13,3,0,519656677,0,519648552
nqueen,design1,14,3,3,78335036,3,78326973
nqueen,design1,15,3,20,260070537,20,260062418
nqueen,design1,4,4,0,187500,0,172843
nqueen,design1,5,4,0,186553,0,178406
nqueen,design1,6,4,0,185574,0,177504
nqueen,design1,7,4,0,182379,0,174273
nqueen,design1,8,4,0,330941,0,322662
nqueen,design1,9,4,0,780534,0,772325
nqueen,design1,10,4,0,2816586,0,2808323
nqueen,design1,11,4,0,12949600,0,12941286
nqueen,design1,12,4,0,72096973,0,72088698
nqueen,design1,13,4,0,397642475,0,397634324
nqueen,design1,14,4,2,441550681,2,441542360
nqueen,design1,15,4,16,83116997,16,83108818
nqueen,design1,4,5,0,192646,0,183808
nqueen,design1,5,5,0,200461,0,192396
nqueen,design1,6,5,0,198497,0,190315
nqueen,design1,7,5,0,232230,0,224113
nqueen,design1,8,5,0,292272,0,284169
nqueen,design1,9,5,0,715527,0,707281
nqueen,design1,10,5,0,2478404,0,2470192
nqueen,design1,11,5,0,14601796,0,14593418
nqueen,design1,12,5,0,65012618,0,65004356
nqueen,design1,13,5,0,322051070,0,322042741
nqueen,design1,14,5,1,961131715,1,961123641
nqueen,design1,15,5,12,895369656,12,895361321
nqueen,design1,4,6,0,222228,0,213615
nqueen,design1,5,6,0,574765,0,566596
nqueen,design1,6,6,0,265940,0,257591
nqueen,design1,7,6,0,272923,0,264629
nqueen,design1,8,6,0,305736,0,296373
nqueen,design1,9,6,0,751813,0,743462
nqueen,design1,10,6,0,2207151,0,2198717
nqueen,design1,11,6,0,11302772,0,11294463
nqueen,design1,12,6,0,58320733,0,58309714
nqueen,design1,13,6,0,306360440,0,306352142
nqueen,design1,14,6,1,872407617,1,872399399
nqueen,design1,15,6,12,325028070,12,325019824
nqueen,design1,4,7,0,206660,0,197800
nqueen,design1,5,7,0,240475,0,232426
nqueen,design1,6,7,0,221818,0,213722
nqueen,design1,7,7,0,331791,0,323590
nqueen,design1,8,7,0,385401,0,377209
nqueen,design1,9,7,0,801186,0,792994
nqueen,design1,10,7,0,2587733,0,2579431
nqueen,design1,11,7,0,9564636,0,9556330
nqueen,design1,12,7,0,43614183,0,43605773
nqueen,design1,13,7,0,242471745,0,242463394
nqueen,design1,14,7,1,449465300,1,449457109
nqueen,design1,15,7,11,745109747,11,745101704
nqueen,design1,4,8,0,240324,0,231751
nqueen,design1,5,8,0,261260,0,253145
nqueen,design1,6,8,0,260841,0,252650
nqueen,design1,7,8,0,386038,0,368365
nqueen,design1,8,8,0,521016,0,504307
nqueen,design1,9,8,0,925443,0,909568
nqueen,design1,10,8,0,2344633,0,2328717
nqueen,design1,11,8,0,8861274,0,8846189
nqueen,design1,12,8,0,44708246,0,44694746
nqueen,design1,13,8,0,238491019,0,238478733
nqueen,design1,14,8,1,424629381,1,424618169
nqueen,design1,15,8,9,313965527,9,313957348
nqueen,design1,4,9,0,303248,0,294758
nqueen,design1,5,9,0,313458,0,305383
nqueen,design1,6,9,0,287439,0,278092
nqueen,design1,7,9,0,333475,0,325271
nqueen,design1,8,9,0,380799,0,372721
nqueen,design1,9,9,0,1025156,0,1016945
nqueen,design1,10,9,0,2181731,0,2173552
nqueen,design1,11,9,0,8576229,0,8568043
nqueen,design1,12,9,0,41614572,0,41606307
nqueen,design1,13,9,0,240308555,0,240300467
nqueen,design1,14,9,1,380141170,1,380132938
nqueen,design1,15,9,9,166958423,9,166949637
nqueen,design1,4,10,0,271805,0,263088
nqueen,design1,5,10,0,290915,0,282761
nqueen,design1,6,10,0,327645,0,319044
nqueen,design1,7,10,0,311611,0,303469
nqueen,design1,8,10,0,439201,0,430933
nqueen,design1,9,10,0,731490,0,723304
nqueen,design1,10,10,0,1875862,0,1856576
nqueen,design1,11,10,0,7658049,0,7648377
nqueen,design1,12,10,0,39039776,0,39031516
nqueen,design1,13,10,0,218504742,0,218496559
nqueen,design1,14,10,1,369042576,1,369032867
nqueen,design1,15,10,9,8859819,9,8851692
nqueen,design1,4,11,0,272871,0,264826
nqueen,design1,5,11,0,267009,0,258908
nqueen,design1,6,11,0,272623,0,264428
nqueen,design1,7,11,0,314862,0,306646
nqueen,design1,8,11,0,474453,0,466142
nqueen,design1,9,11,0,1766774,0,1758558
nqueen,design1,10,11,0,2051519,0,2043299
nqueen,design1,11,11,0,7924504,0,7896728
nqueen,design1,12,11,0,37493688,0,37485489
nqueen,design1,13,11,0,218803334,0,218795158
nqueen,design1,14,11,1,303890253,1,303881389
nqueen,design1,15,11,8,666487820,8,666479495
nqueen,design1,4,12,0,312218,0,303361
nqueen,design1,5,12,0,385360,0,377273
nqueen,design1,6,12,0,309435,0,301297
nqueen,design1,7,12,0,344626,0,336544
nqueen,design1,8,12,0,389740,0,381606
nqueen,design1,9,12,0,661777,0,653623
nqueen,design1,10,12,0,2369805,0,2361617
nqueen,design1,11,12,0,5336472,0,5328291
nqueen,design1,12,12,0,37400461,0,37392249
nqueen,design1,13,12,0,232140480,0,232132329
nqueen,design1,14,12,1,228292361,1,228284178
nqueen,design1,15,12,8,240925064,8,240916569
nqueen,design1,4,13,0,391223,0,383053
nqueen,design1,5,13,0,324972,0,316813
nqueen,design1,6,13,0,362355,0,354149
nqueen,design1,7,13,0,369327,0,361122
nqueen,design1,8,13,0,1441541,0,1432900
nqueen,design1,9,13,0,1359613,0,1351582
nqueen,design1,10,13,0,2403204,0,2395080
nqueen,design1,11,13,0,6548729,0,6540167
nqueen,design1,12,13,0,31162483,0,31153870
nqueen,design1,13,13,0,158554987,0,158546683
nqueen,design1,14,13,1,180849151,1,180840875
nqueen,design1,15,13,7,878453315,7,878445101
nqueen,design1,4,14,0,351134,0,342363
nqueen,design1,5,14,0,359646,0,351425
nqueen,design1,6,14,0,417417,0,408697
nqueen,design1,7,14,0,1120481,0,1112205
nqueen,design1,8,14,0,459484,0,451254
nqueen,design1,9,14,0,706952,0,698614
nqueen,design1,10,14,0,1539292,0,1531157
nqueen,design1,11,14,0,6076085,0,6068008
nqueen,design1,12,14,0,34738023,0,34729366
nqueen,design1,13,14,0,155178315,0,155170142
nqueen,design1,14,14,0,875567966,0,875559823
nqueen,design1,15,14,7,615163274,7,615155146
nqueen,design1,4,15,0,320696,0,312509
nqueen,design1,5,15,0,358339,0,350217
nqueen,design1,6,15,0,315418,0,306230
nqueen,design1,7,15,0,380630,0,372495
nqueen,design1,8,15,0,435689,0,427602
nqueen,design1,9,15,0,927495,0,919371
nqueen,design1,10,15,0,2343820,0,2335627
nqueen,design1,11,15,0,7408496,0,7398788
nqueen,design1,12,15,0,38684183,0,38675560
nqueen,design1,13,15,0,150429815,0,150421639
nqueen,design1,14,15,0,888793515,0,888785336
nqueen,design1,15,15,5,649452946,5,649444731
nqueen,design1,4,16,0,368105,0,360029
nqueen,design1,5,16,0,421312,0,413101
nqueen,design1,6,16,0,383311,0,375153
nqueen,design1,7,16,0,394540,0,385818
nqueen,design1,8,16,0,503694,0,495596
nqueen,design1,9,16,0,762757,0,754197
nqueen,design1,10,16,0,2004212,0,1996080
nqueen,design1,11,16,0,7539702,0,7531408
nqueen,design1,12,16,0,37425333,0,37416969
nqueen,design1,13,16,0,155784148,0,155776024
nqueen,design1,14,16,0,868907520,0,868899303
nqueen,design1,15,16,5,704189583,5,704181385
nqueen,design1,4,0,0,35507,0,27166
nqueen,design1,5,0,0,38779,0,30775
nqueen,design1,6,0,0,59816,0,44665
nqueen,design1,7,0,0,108716,0,100471
nqueen,design1,8,0,0,373970,0,365624
nqueen,design1,9,0,0,1580839,0,1572448
nqueen,design1,10,0,0,7531122,0,7522786
nqueen,design1,11,0,0,39140287,0,39130952
nqueen,design1,12,0,0,314500007,0,314480827
nqueen,design1,13,0,1,416093287,1,416082697
nqueen,design1,14,0,8,640701400,8,640693334
nqueen,design1,15,0,59,792278615,59,792257592
nqueen,design1,4,1,0,51217,0,42230
nqueen,design1,5,1,0,48436,0,40298
nqueen,design1,6,1,0,63102,0,55020
nqueen,design1,7,1,0,119252,0,111072
nqueen,design1,8,1,0,375269,0,367086
nqueen,design1,9,1,0,1593323,0,1585120
nqueen,design1,10,1,0,7475237,0,7466931
nqueen,design1,11,1,0,38773971,0,38765698
nqueen,design1,12,1,0,219369612,0,219361486
nqueen,design1,13,1,1,324131397,1,324123236
nqueen,design1,14,1,8,580169069,8,580160968
nqueen,design1,15,1,59,623931011,59,623922229
nqueen,design1,4,2,0,146863,0,137354
nqueen,design1,5,2,0,103118,0,94867
nqueen,design1,6,2,0,148800,0,140657
nqueen,design1,7,2,0,214642,0,206367
nqueen,design1,8,2,0,428624,0,420209
nqueen,design1,9,2,0,1493361,0,1475069
nqueen,design1,10,2,0,5664388,0,5646286
nqueen,design1,11,2,0,27696650,0,27679614
nqueen,design1,12,2,0,133889718,0,133875490
nqueen,design1,13,2,0,737649933,0,737639507
nqueen,design1,14,2,4,361895142,4,361886934
nqueen,design1,15,2,31,484823679,31,484815016
nqueen,design1,4,3,0,175707,0,167368
nqueen,design1,5,3,0,162006,0,153721
nqueen,design1,6,3,0,177528,0,169178
nqueen,design1,7,3,0,194387,0,186186
nqueen,design1,8,3,0,327325,0,319087
nqueen,design1,9,3,0,951382,0,942976
nqueen,design1,10,3,0,3691905,0,3683681
nqueen,design1,11,3,0,17958809,0,17950616
nqueen,design1,12,3,0,91332561,0,91324363
nqueen,design1,13,3,0,544098725,0,544090587
nqueen,design1,14,3,3,76032365,3,76024309
nqueen,design1,15,3,20,365069101,20,365060988
nqueen,design1,4,4,0,172693,0,163546
nqueen,design1,5,4,0,232809,0,224637
nqueen,design1,6,4,0,158737,0,150532
nqueen,design1,7,4,0,217903,0,209782
nqueen,design1,8,4,0,341099,0,330598
nqueen,design1,9,4,0,820049,0,809017
nqueen,design1,10,4,0,2613493,0,2602470
nqueen,design1,11,4,0,14669314,0,14656580
nqueen,design1,12,4,0,63151448,0,63139714
nqueen,design1,13,4,0,398696743,0,398688639
nqueen,design1,14,4,2,451410075,2,451401963
nqueen,design1,15,4,16,95581117,16,95572998
nqueen,design1,4,5,0,208329,0,198823
nqueen,design1,5,5,0,196155,0,187773
nqueen,design1,6,5,0,212375,0,204160
nqueen,design1,7,5,0,188996,0,180751
nqueen,design1,8,5,0,241805,0,233592
nqueen,design1,9,5,0,585994,0,577864
nqueen,design1,10,5,0,1882286,0,1874055
nqueen,design1,11,5,0,10879507,0,10871328
nqueen,design1,12,5,0,58519868,0,58501459
nqueen,design1,13,5,0,324391129,0,324382949
nqueen,design1,14,5,1,958786588,1,958777775
nqueen,design1,15,5,13,5621238,13,5607084
nqueen,design1,4,6,0,238209,0,230104
nqueen,design1,5,6,0,247805,0,239626
nqueen,design1,6,6,0,272580,0,264434
nqueen,design1,7,6,0,217857,0,209695
nqueen,design1,8,6,0,269493,0,261281
nqueen,design1,9,6,0,611969,0,603662
nqueen,design1,10,6,0,1984499,0,1976385
nqueen,design1,11,6,0,8467273,0,8458981
nqueen,design1,12,6,0,43830329,0,43822268
nqueen,design1,13,6,0,305144400,0,305136197
nqueen,design1,14,6,1,867402484,1,867394300
nqueen,design1,15,6,12,524623651,12,524615536
nqueen,design1,4,7,0,231086,0,222849
nqueen,design1,5,7,0,211194,0,203082
nqueen,design1,6,7,0,230374,0,222290
nqueen,design1,7,7,0,236960,0,228873
nqueen,design1,8,7,0,304873,0,296741
nqueen,design1,9,7,0,585955,0,577796
nqueen,design1,10,7,0,1918204,0,1910108
nqueen,design1,11,7,0,8513760,0,8505616
nqueen,design1,12,7,0,43684849,0,43676775
nqueen,design1,13,7,0,236806798,0,236798615
nqueen,design1,14,7,1,434505947,1,434497858
nqueen,design1,15,7,11,785187765,11,785179634
nqueen,design1,4,8,0,271681,0,262283
nqueen,design1,5,8,0,259165,0,251023
nqueen,design1,6,8,0,299339,0,291136
nqueen,design1,7,8,0,298113,0,289963
nqueen,design1,8,8,0,377353,0,369208
nqueen,design1,9,8,0,701182,0,693000
nqueen,design1,10,8,0,1962986,0,1954825
nqueen,design1,11,8,0,10249492,0,10241278
nqueen,design1,12,8,0,44069571,0,44061426
nqueen,design1,13,8,0,244683894,0,244675667
nqueen,design1,14,8,1,421889090,1,421880969
nqueen,design1,15,8,9,224543007,9,224534877
nqueen,design1,4,9,0,252958,0,244204
nqueen,design1,5,9,0,263176,0,255003
nqueen,design1,6,9,0,351661,0,343459
nqueen,design1,7,9,0,414809,0,406550
nqueen,design1,8,9,0,368924,0,360590
nqueen,design1,9,9,0,601271,0,589458
nqueen,design1,10,9,0,1811995,0,1800075
nqueen,design1,11,9,0,8184382,0,8172683
nqueen,design1,12,9,0,45754704,0,45743818
nqueen,design1,13,9,0,227847464,0,227839265
nqueen,design1,14,9,1,428901064,1,428892835
nqueen,design1,15,9,9,72449343,9,72441291
nqueen,design1,4,10,0,285424,0,276668
nqueen,design1,5,10,0,289437,0,281286
nqueen,design1,6,10,0,332341,0,324216
nqueen,design1,7,10,0,355483,0,347240
nqueen,design1,8,10,0,388532,0,380366
nqueen,design1,9,10,0,662834,0,654746
nqueen,design1,10,10,0,1580204,0,1572127
nqueen,design1,11,10,0,7676101,0,7668002
nqueen,design1,12,10,0,38887261,0,38878696
nqueen,design1,13,10,0,222026640,0,222018411
nqueen,design1,14,10,1,360067075,1,360058857
nqueen,design1,15,10,9,6387747,9,6367337
nqueen,design1,4,11,0,299375,0,291091
nqueen,design1,5,11,0,313411,0,305162
nqueen,design1,6,11,0,295089,0,286887
nqueen,design1,7,11,0,348709,0,340114
nqueen,design1,8,11,0,391502,0,382849
nqueen,design1,9,11,0,646832,0,638718
nqueen,design1,10,11,0,2407936,0,2399868
nqueen,design1,11,11,0,6604020,0,6595887
nqueen,design1,12,11,0,37708656,0,37700542
nqueen,design1,13,11,0,220034421,0,220026255
nqueen,design1,14,11,1,318661622,1,318653447
nqueen,design1,15,11,8,528783338,8,528774998
nqueen,design1,4,12,0,359691,0,351589
nqueen,design1,5,12,0,262575,0,254337
nqueen,design1,6,12,0,336141,0,327998
nqueen,design1,7,12,0,359955,0,351868
nqueen,design1,8,12,0,418268,0,410056
nqueen,design1,9,12,0,746379,0,738140
nqueen,design1,10,12,0,2186490,0,2178284
nqueen,design1,11,12,0,8332951,0,8324723
nqueen,design1,12,12,0,43345320,0,43334009
nqueen,design1,13,12,0,201504912,0,201488248
nqueen,design1,14,12,1,222259951,1,222251680
nqueen,design1,15,12,8,250687811,8,250669812
nqueen,design1,4,13,0,338380,0,330245
nqueen,design1,5,13,0,331259,0,323030
nqueen,design1,6,13,0,406767,0,391924
nqueen,design1,7,13,0,534702,0,514053
nqueen,design1,8,13,0,567175,0,548029
nqueen,design1,9,13,0,862861,0,837269
nqueen,design1,10,13,0,1920284,0,1903424
nqueen,design1,11,13,0,8602183,0,8585552
nqueen,design1,12,13,0,38798637,0,38782856
nqueen,design1,13,13,0,163420249,0,163405342
nqueen,design1,14,13,1,195830751,1,195820375
nqueen,design1,15,13,7,698524117,7,698511817
nqueen,design1,4,14,0,345473,0,336924
nqueen,design1,5,14,0,383114,0,374996
nqueen,design1,6,14,0,383742,0,375482
nqueen,design1,7,14,0,455191,0,447017
nqueen,design1,8,14,0,460354,0,452193
nqueen,design1,9,14,0,799744,0,791608
nqueen,design1,10,14,0,1532480,0,1524225
nqueen,design1,11,14,0,7692523,0,7684310
nqueen,design1,12,14,0,27909242,0,27901155
nqueen,design1,13,14,0,161926451,0,161912579
nqueen,design1,14,14,0,880426491,0,880415233
nqueen,design1,15,14,7,455630920,7,455622737
nqueen,design1,4,15,0,398286,0,388323
nqueen,design1,5,15,0,397644,0,385891
nqueen,design1,6,15,0,437778,0,415430
nqueen,design1,7,15,0,507605,0,493897
nqueen,design1,8,15,0,623637,0,611787
nqueen,design1,9,15,0,991156,0,979186
nqueen,design1,10,15,0,2577602,0,2565103
nqueen,design1,11,15,0,9165398,0,9154018
nqueen,design1,12,15,0,43766516,0,43755996
nqueen,design1,13,15,0,171283245,0,171268517
nqueen,design1,14,15,0,883786716,0,883776213
nqueen,design1,15,15,5,685077591,5,685069389
nqueen,design1,4,16,0,346968,0,338152
nqueen,design1,5,16,0,352029,0,343748
nqueen,design1,6,16,0,1105572,0,1097448
nqueen,design1,7,16,0,432856,0,424689
nqueen,design1,8,16,0,551886,0,543682
nqueen,design1,9,16,0,747391,0,739245
nqueen,design1,10,16,0,1675412,0,1667207
nqueen,design1,11,16,0,5907288,0,5898258
nqueen,design1,12,16,0,34882985,0,34874773
nqueen,design1,13,16,0,161970756,0,161962644
nqueen,design1,14,16,0,869318202,0,869309518
nqueen,design1,15,16,5,676386564,5,676378456
